X rot

p1:
p[-0.0168709,0.37975,0.0531802,-0.599949,1.46992,0.620061][-1.6919,-0.708539,1.6566,-0.968906,2.24632,-7.86154]


p2:
 p[0.0301415,0.332733,0.0536351,-0.59999,1.47007,0.619952][-1.89226,-0.833267,1.98283,-1.16792,2.04587,-7.85801]




vertical:

p1:
p[-0.0200176,0.340224,0.369431,0.741019,-1.74801,-1.78556][-2.11355,-1.35628,1.04999,0.235199,0.252183,-6.23292]

p2:
 p[-0.0205392,0.340761,0.453996,0.741038,-1.74801,-1.7855][-2.1138,-1.34084,1.43807,-3.30948,-0.253714,-9.37563]


back:
p1:
 p[-0.267449,0.0948654,0.0533575,-1.74593,0.706386,1.75398][-0.736084,-0.934909,2.34169,-1.41859,1.63058,-7.87864]

P2:
 p[-0.222588,0.139334,0.0533435,-1.74599,0.706614,1.75402][-1.1248,-0.954272,2.51102,-1.56736,1.24131,-7.87475]

