2022-02-27T16:31:59Z
 
Distance to Knob
1.82234513759613
-1.94758701324463
2.14442682266235
1.77429369091988
-1.77267706394196
-3.16596886515617
3.13370943069458
-2.9060925245285
2.83453154563904
-3.10746854543686
2.83074402809143
-2.88291795551777
3.04263973236084
-3.16169546544552
2.97031116485596
-1.38481304235756
1.58834671974182
-1.68857799470425
1.67458546161652
-1.42007775604725
1.67566776275635
-1.40074303746223
-1.40394759178162
1.47966504096985
1.56086331605911
2.14472705125809
-1.82306003570557
1.86448347568512
-2.06758761405945
-2.01553648710251
 
Time Taken
3821.4562
3446.9517
3585.7656
3778.1076
3834.2768
3788.8936
4294.2954
4353.3371
4333.0451
4353.9529
3911.2337
3595.043
4143.6446
3611.9574
3887.6733
4411.2496
3356.1924
2866.0521
3578.6426
3340.233
3665.9826
3956.8422
3621.568
3578.2262
4089.2048
3566.4951
4032.6335
4144.5181
3756.0776
4187.6958
3790.737
 
Accuracy
-0.00818705558776855
-0.0140883922576904
0.000715017318725586
-0.0183746516704559
-0.00651788711547852
-0.010467141866684
0.0204167366027832
-0.001625657081604
-0.0121469497680664
-0.00633138418197632
0.0310165882110596
-0.00419004261493683
0.027721643447876
-0.00185726583003998
0.0185601711273193
-0.00622877664864063
0.00612819194793701
-0.0132696479558945
-0.00710177421569824
0.00361280143260956
-0.0108644962310791
0.00273773074150085
0.00562191009521484
0.00490975379943848
0.00546807050704956
-0.00902038812637329
-0.00150752067565918
-0.011386513710022
-0.0137941837310791
0.000363171100616455
-0.00433659553527832
