2022-02-12T19:12:45Z
 
Distance to Knob
-1.74168726429343
-0.186292003840208
-1.58977266773582
0.0967594869434834
-1.3128101490438
0.161945138126612
-1.21663912758231
-2.64032968506217
-1.058111038059
0.617197308689356
2.77094474807382
0.89507457986474
2.82857314124703
1.06241408362985
-0.953485693782568
1.19022611156106
-0.863567259162664
-2.69409951195121
-0.872546996921301
0.920121524482965
-2.23538025841117
0.924457881599665
-1.98000892624259
1.03490916267037
-1.84381875023246
0.955908570438623
-1.99584242329001
1.10529461875558
-2.00799795612693
0.838680658489466
 
Time Taken
732.0014
699.9988
394.0287
328.0006
326.9993
340.999
326.0307
356.9689
278.0007
285.0242
251.0257
239.9736
235.0004
249.0008
246.0282
226.9902
216.0067
232.0094
222.9665
228.9998
207.9988
212.0244
205.9739
198.9998
223.0028
200.9975
199.0025
207.0006
497.0026
329.9966
 
Accuracy
-0.0600000284612179
-1.74168726429343
-0.186292003840208
-1.58977266773582
0.0967594869434834
-1.3128101490438
0.161945138126612
-1.21663912758231
-2.64032968506217
-1.058111038059
0.617197308689356
2.77094474807382
0.89507457986474
2.82857314124703
1.06241408362985
-0.953485693782568
1.19022611156106
-0.863567259162664
-2.69409951195121
-0.872546996921301
0.920121524482965
-2.23538025841117
0.924457881599665
-1.98000892624259
1.03490916267037
-1.84381875023246
0.955908570438623
-1.99584242329001
1.10529461875558
-2.00799795612693
