2022-02-22T17:40:00Z
 
Distance to Knob
2.15539592504501
-1.81635928153992
1.87256962060928
-2.05122399330139
-2.0169016122818
1.82860326766968
-1.93844431638718
2.14604616165161
1.79705584049225
-1.76099789142609
-3.15333789587021
3.11295461654663
-2.90241467952728
2.84350419044495
-3.09746140241623
2.79873132705688
-2.87417623400688
3.0210394859314
-3.1542643904686
2.95265579223633
-1.3766977339983
1.58320951461792
-1.67256709933281
1.67873632907867
-1.42001989483833
1.68104773759842
-1.40346711874008
-1.41621309518814
1.48303580284119
1.55378651618958
 
Time Taken
2666.4833
3099.9678
3211.4498
2667.5788
2731.1763
2844.1515
2667.946
3188.291
3099.5659
3232.8102
3879.1063
3465.9526
4799.3157
3612.2187
4809.7761
3713.4966
2799.0831
4235.5628
3851.8069
4845.6884
3621.165
3033.0118
3222.7526
2857.2003
2965.046
2943.4875
2590.6536
3833.7334
3131.1122
3468.7553
3765.7105
 
Accuracy
0.00164860486984253
0.00519323348999023
-0.00330060720443726
0.00256943702697754
-0.00100195407867432
-0.00192892551422119
-0.00494569540023804
0.0023343563079834
0.00438737869262695
0.00516128540039063
0.00216406583786011
-0.000338077545166016
0.0020521879196167
-0.0031743049621582
0.00367575883865356
-0.000996112823486328
0.00455167889595032
0.00612139701843262
0.0055738091468811
0.00090479850769043
0.00188653171062469
0.000990986824035645
0.0027412474155426
-0.00295090675354004
0.00367066264152527
-0.00548452138900757
1.36494636535645E-05
-0.00664335489273071
0.00828051567077637
-0.00160872936248779
0.0042412281036377
