2022-02-28T17:16:32Z
 
Distance to Knob
1.82193648815155
-1.93160833418369
2.14951324462891
1.79511654376984
-1.76483976840973
-3.14688131213188
3.11129951477051
-2.90423166751862
2.84883952140808
-3.07792448997498
2.81873607635498
-2.87582659721375
3.00825333595276
-3.16215342283249
2.95810961723328
-1.38217345252633
1.58568751811981
-1.67930139601231
1.68192708492279
-1.41698580980301
1.68900978565216
-1.4005441069603
-1.39750528335571
1.48421120643616
1.55400204658508
2.14666658639908
-1.82888031005859
1.872563123703
-2.06627082824707
-2.01824229955673
 
Time Taken
4039.7016
3333.8969
3899.2184
3633.9597
3011.3345
4085.1887
5510.7333
4288.4527
3977.0361
3744.1702
4544.4981
3899.5214
5195.2658
4972.7231
4157.3734
7676.9823
3448.3122
3293.9546
3489.9163
3826.0745
3522.6934
3119.232
3242.5052
3498.2805
3799.6893
4321.3703
10833.4637
4500.5726
4299.3432
4083.6755
6993.4237
 
Accuracy
-0.00859570503234863
0.00189028680324554
0.00580143928527832
0.00244820117950439
0.00131940841674805
0.00862041115760803
-0.00199317932128906
0.000235199928283691
0.00216102600097656
0.0232126712799072
0.0190086364746094
0.00290131568908691
-0.00666475296020508
-0.0023152232170105
0.00635862350463867
-0.00358918681740761
0.00346899032592773
-0.00399304926395416
0.000239849090576172
0.00670474767684937
0.00247752666473389
0.00293666124343872
0.0120642185211182
0.00945591926574707
-0.00139319896697998
-0.00708085298538208
-0.00732779502868652
-0.00330686569213867
-0.0124773979187012
-0.00234264135360718
0.00438129901885986
