2022-02-27T16:23:11Z
 
Distance to Knob
-3.16669285297394
3.095627784729
-2.90698206424713
2.84465527534485
-3.11522686481476
2.80074143409729
-2.88172966986895
3.01938438415527
-3.16696959733963
2.96325254440308
-1.37491397373378
1.57950973510742
-1.68627607822418
1.67562747001648
-1.43346643447876
1.68118381500244
-1.40943139791489
-1.4179505109787
1.48293328285217
1.53783917427063
2.14907324314117
-1.83006930351257
1.87626755237579
-2.05069136619568
-2.026431620121
1.83630728721619
-1.9392563700676
2.13859176635742
1.78918743133545
-1.7784675359726
 
Time Taken
3731.8764
5545.7236
4487.623
5498.702
5434.239
5028.8081
4688.0476
4600.5903
5162.1444
4278.4938
4854.9097
3788.6715
3824.1045
3727.6406
4571.7582
4507.7987
4166.7308
3943.8581
3654.1042
3521.5986
4157.1999
5901.1777
4032.5083
3473.2764
4278.2158
4533.1843
4789.6552
3721.0115
3632.0266
3611.8524
4115.4605
 
Accuracy
-0.0111910104751587
-0.017664909362793
-0.00251519680023193
-0.00202322006225586
-0.0140897035598755
0.00101399421691895
-0.00300175696611404
0.00446629524230957
-0.00713139772415161
0.0115015506744385
0.00367029197514057
-0.0027087926864624
-0.0109677314758301
-0.00605976581573486
-0.00977587699890137
-0.00534844398498535
-0.00595062971115112
-0.00838077068328857
0.0081779956817627
-0.0175560712814331
-0.00467419624328613
-0.00851678848266602
0.000397562980651855
0.00310206413269043
-0.0105319619178772
0.0057750940322876
-0.00575774908065796
-0.00512003898620605
-0.00348103046417236
-0.0123083591461182
-0.000394940376281738
