2022-02-14T15:44:36Z
 
Distance to Knob
-1.69281790778041
1.53603447973728
-1.4273028075695
1.67285491526127
-1.40104638040066
1.50050616264343
-1.32852500677109
-1.4102531671524
1.57898926734924
1.69836258888245
2.20577347278595
-1.77267116308212
1.94438636302948
-1.67649745941162
-1.98179161548615
2.14960366487503
-2.0066836476326
-1.84666740894318
1.80611419677734
1.7543203830719
-3.16262346506119
3.10925883054733
-2.85849153995514
2.95381534099579
-2.8019654750824
2.77196288108826
-2.89078539609909
3.11973750591278
-3.07412493228912
2.83547163009644
 
Time Taken
2621.7676
2376.9628
2810.4408
2389.6354
2734.1173
2265.9843
2311.0245
2433.7696
2855.5165
2724.5529
2942.8156
2865.8729
2891.3332
2532.4819
2399.3616
2500.1522
2477.3292
2743.5254
2944.6685
2787.7436
2845.7515
3234.0466
2898.5877
2733.2846
2843.9608
2744.4912
2598.9965
 
Accuracy
-0.0193607807159424
-0.0238221436738968
-0.0136772394180298
0.00852325558662415
0.0257508754730225
0.0500592589378357
0.0134373903274536
-0.00322937965393066
0.0230542421340942
0.103199005126953
0.0108878016471863
0.0896615982055664
0.0341081619262695
0.00589185953140259
0.0471097230911255
-0.0161351561546326
-0.0154383182525635
-0.0383481383323669
-0.050579309463501
0.0459752678871155
-0.0611027479171753
0.0767624378204346
-0.0277644395828247
0.0609655976295471
0.0186004638671875
0.0391676425933838
-0.0112069845199585
