2022-02-25T17:08:37Z
 
Distance to Knob
1.82365369796753
-1.93532067537308
2.16958892345428
1.80230188369751
-1.81741297245026
-3.14156457781792
3.09961533546448
-2.88389042019844
2.85229277610779
-3.11881855130196
2.81961345672607
-2.87482483312488
3.02538061141968
-3.19740594923496
2.94153952598572
-1.36876558233052
1.62961959838867
-1.69932359457016
1.68050301074982
-1.43793438374996
1.7008843421936
-1.41614031791687
-1.41178810596466
1.46306490898132
1.56225228309631
2.14684069156647
-1.81311321258545
1.87576651573181
-2.0271680355072
-2.01018536090851
 
Time Taken
4156.481
2967.4442
3064.6551
2654.6722
2800.8885
2823.2459
3888.1125
3644.8177
3288.8762
3377.4498
4121.6488
3234.2892
3555.8508
3188.0805
3367.5162
3088.0214
2500.6019
3355.4809
2923.0189
2909.2718
3588.7007
2533.9275
3222.1856
2879.9609
3264.0838
2809.8709
3100.6047
3278.7246
2588.4236
5588.2844
3243.8402
 
Accuracy
-0.00687849521636963
-0.00182205438613892
0.0258771181106567
0.00963354110717773
-0.0512537956237793
0.0139371454715729
-0.0136773586273193
0.0205764472484589
0.00561428070068359
-0.0176813900470734
0.0198860168457031
0.00390307977795601
0.0104625225067139
-0.0375677496194839
-0.0102114677429199
0.00981868337839842
0.0474010705947876
-0.0240152478218079
-0.00118422508239746
-0.0142438262701035
0.0143520832061768
-0.0126595497131348
-0.00221860408782959
-0.0116903781890869
0.00685703754425049
-0.00690674781799316
0.00843930244445801
-0.000103473663330078
0.026625394821167
0.0057142972946167
-0.00624382495880127
