2022-02-23T15:41:00Z
 
Distance to Knob
1.8452183008194
-1.93153131008148
2.14395606517792
1.7934008538723
-1.76898443698883
-3.15558764338493
3.13552927970886
-2.90674829483032
2.86023569107056
-3.10175731778145
2.7993106842041
-2.87160741537809
3.02457714080811
-3.1630472689867
2.9488480091095
-1.37318807840347
1.59430205821991
-1.67962741851807
1.68617808818817
-1.43093876540661
1.69460201263428
-1.40355470776558
-1.40427225828171
1.47809672355652
1.55908751487732
2.14930552244186
-1.82950472831726
1.87621092796326
-2.05773019790649
-2.01337647438049
 
Time Taken
4445.6342
4076.5876
4233.5177
3844.0862
3489.4829
3343.2425
5356.1334
3900.0821
4534.1051
3711.1921
4854.5941
4221.2611
4166.7725
3533.9617
3844.622
3300.0862
3576.6842
3110.7553
3278.962
2740.6415
2714.5693
2787.5659
2778.1729
3412.8153
3266.1973
3020.9694
4511.7271
3422.0412
3055.7048
3277.2821
3978.0557
 
Accuracy
0.014686107635498
0.00196731090545654
0.000244259834289551
0.000732511281967163
-0.00282526016235352
-8.59200954437256E-05
0.0222365856170654
-0.00228142738342285
0.0135571956634521
-0.000620156526565552
-0.000416755676269531
0.00712049752473831
0.0096590518951416
-0.00320906937122345
-0.00290298461914063
0.00539618730545044
0.0120835304260254
-0.00431907176971436
0.00449085235595703
-0.00724820792675018
0.00806975364685059
-7.39395618438721E-05
0.00529724359512329
0.0033414363861084
0.00369226932525635
-0.00444191694259644
-0.00795221328735352
0.000340938568115234
-0.003936767578125
0.00252318382263184
-0.00283098220825195
