2022-02-23T15:50:37Z
 
Distance to Knob
2.15637421607971
-1.80876421928406
1.86720442771912
-2.02981615066528
-2.0117095708847
1.84595119953156
-1.93721798062325
2.15058040618896
1.79180520772934
-1.76144015789032
-3.16345846652985
3.12311553955078
-2.89915961027145
2.84443831443787
-3.10481119155884
2.79916548728943
-2.8804093003273
3.00921964645386
-3.15840604901314
2.95929718017578
-1.37402828037739
1.58152306079865
-1.67188242077827
1.67765116691589
-1.42358160018921
1.69538921117783
-1.39686095714569
-1.41826701164246
1.46542882919312
1.56017464399338
 
Time Taken
2112.8542
2719.4053
3237.5707
2253.134
3078.3041
2976.346
2811.4261
3221.8416
3172.8489
2615.4689
3045.3969
4400.3412
3072.2439
4579.2081
3793.3587
4073.2364
3265.1219
3710.7738
3474.6632
4583.2351
3116.4588
4376.4817
2622.7731
2734.2827
3322.5412
3193.2182
3116.0957
3255.5553
3418.9081
2544.8543
3266.8001
 
Accuracy
0.00262689590454102
0.0127882957458496
-0.00866580009460449
0.0239772796630859
0.00419008731842041
0.0154190063476563
-0.00371935963630676
0.00686860084533691
-0.000863254070281982
0.00471901893615723
-0.00795650482177734
0.00982284545898438
0.00530725717544556
-0.00224018096923828
-0.00367403030395508
-0.000561952590942383
-0.00168138742446899
-0.00569844245910645
0.0014321506023407
0.00754618644714355
0.00455598533153534
-0.000695466995239258
0.00342592597007751
-0.0040360689163208
0.000108957290649414
0.00885695219039917
0.00661981105804443
-0.0086972713470459
-0.00932645797729492
0.0047793984413147
-0.00381982326507568
