2022-02-22T17:37:38Z
 
Distance to Knob
1.82930839061737
-1.93363310396671
2.13943040370941
1.79378378391266
-1.76566088199615
-3.15221744775772
3.11506462097168
-2.90476450324059
2.84541010856628
-3.10321444272995
2.79255414009094
-2.87401290982962
3.02231907844543
-3.15918716788292
2.946364402771
-1.38274201378226
1.57935500144959
-1.67536084353924
1.68245089054108
-1.42017029225826
1.68110299110413
-1.40250205993652
-1.41490387916565
1.48011350631714
1.55339574813843
2.15445756912231
-1.82858681678772
1.88381063938141
-2.05626845359802
-2.01712685823441
 
Time Taken
3423.3011
3910.3361
3677.3385
3599.7895
3702.3149
3596.8113
3911.3426
3543.3798
4210.5162
4543.53
4989.1865
4179.0851
4732.8198
4499.9
4122.1025
4187.7578
3166.4253
3268.0821
3244.764
3220.7018
3955.4596
3435.1416
4720.2547
3133.6183
4067.3938
5532.0055
3668.3601
4075.0684
3347.8767
3875.4854
3634.4238
 
Accuracy
-0.00122380256652832
-0.000134482979774475
-0.00428140163421631
0.00111544132232666
0.000498294830322266
0.0032842755317688
0.00177192687988281
-0.000297635793685913
-0.00126838684082031
-0.00207728147506714
-0.00717329978942871
0.00471500307321548
0.0074009895324707
0.000651031732559204
-0.0053865909576416
-0.00415774807333946
-0.00286352634429932
-5.24967908859253E-05
0.000763654708862305
0.00352026522159576
-0.00542926788330078
0.000978708267211914
-0.00533437728881836
0.00535821914672852
-0.00199949741363525
0.000710129737854004
-0.0070343017578125
0.00794064998626709
-0.00247502326965332
-0.00122720003128052
0.0017094612121582
