2022-01-30T16:31:21Z
 
Distance to Knob
-3.19830584526062
3.16136735677719
-3.33832558989525
3.04352599382401
-3.11669062077999
2.97551937401295
-2.96552661061287
3.35241723060608
-2.80842342972755
2.67000102996826
-3.20075008273125
1.75970995426178
2.08486074209213
-2.28949946165085
2.44634008407593
-1.66131389141083
1.71479171514511
-2.07246285676956
2.50470495223999
-2.31034708023071
2.06205523014069
-1.3999474644661
1.06385511159897
1.35197514295578
-1.30255156755447
1.9174633026123
-1.26023280620575
-1.15418338775635
1.73286473751068
-1.47809797525406
1.47874522209167
 
Time Taken
3844.4678
3496.1489
4534.2572
3255.5373
3332.5127
3365.1001
2744.5962
4523.3057
3733.306
5121.9761
3033.592
3818.8927
4487.983
3422.0932
5377.6346
2854.8797
2533.1015
3676.4092
4765.9266
3800.4638
3887.4833
2955.5658
3344.8329
3333.4045
2666.9925
2266.0938
3409.5725
4485.1185
3128.3394
3522.1547
 
Accuracy
0.0193815231323242
0.017965167760849
-0.0102660655975342
-0.029134675860405
-0.0103678703308105
0.0203606337308884
-0.0106053352355957
0.00122818350791931
-0.0054020881652832
0.0170822441577911
-0.0165374279022217
-0.00154376029968262
-0.0115507841110229
0.0202608108520508
-0.0129375457763672
0.0372125506401062
0.017062783241272
0.0245653986930847
0.00464725494384766
0.0238722562789917
0.00562512874603271
-0.000352621078491211
-0.0132809281349182
-0.0316183567047119
-0.0108490586280823
-0.0143783092498779
-0.0183922052383423
0.015149712562561
-0.00828957557678223
-0.000393450260162354
