2022-02-25T16:27:17Z
 
Distance to Knob
-3.34563452005386
3.0841281414032
-2.89496800303459
2.84051442146301
-3.09696343541145
2.76094269752502
-2.87118814140558
2.93922090530396
-3.18593838810921
2.91280341148376
-1.40523155406117
1.56299781799316
-1.60267134010792
1.65583598613739
-1.45966824889183
1.689000248909
-1.42380887269974
-1.43081557750702
1.50952887535095
1.50375801324844
2.19178819656372
-1.87276148796082
1.82830321788788
-2.07286143302917
-2.01426494121552
1.87732422351837
-1.89310902357101
2.13587033748627
1.81373685598373
-1.78766477108002
 
Time Taken
1443.9987
3478.9995
3666.9997
3175.9983
4388.0008
3346.0018
3617.9972
3330.0012
3482.0002
3552.9992
3403.0052
2409.995
2606.9982
2640.0029
2836.9983
2753.0021
3153.9966
2631.0002
2473.0034
2706.9978
2462.0009
3449.9985
3145.0005
2304.9994
3310.0019
2945.9992
2672.0006
2871.9976
3606.0031
3367.0002
4672.9996
 
Accuracy
-0.190132677555084
-0.0291645526885986
0.00949886441230774
-0.0061640739440918
0.00417372584342957
-0.0387847423553467
0.0075397714972496
-0.0756971836090088
-0.0261001884937286
-0.038947582244873
-0.0266472883522511
-0.0192207098007202
0.0726370066404343
-0.0258512496948242
-0.035977691411972
0.00246798992156982
-0.0203281044960022
-0.0212458372116089
0.034773588180542
-0.0516372323036194
0.0380407571792603
-0.0512089729309082
-0.0475667715072632
-0.0190680027008057
0.00163471698760986
0.0467920303344727
0.0403895974159241
-0.00784146785736084
0.0210683941841125
-0.02150559425354
-0.00345116853713989
