2022-02-22T16:25:57Z
 
Distance to Knob
-3.16178095340729
3.11067295074463
-2.90510061383247
2.84365010261536
-3.10791727900505
2.79424500465393
-2.87695075571537
3.01278710365295
-3.1539590805769
2.9483642578125
-1.38082136027515
1.57966327667236
-1.67580106854439
1.67975437641144
-1.4252495765686
1.68792021274567
-1.40498697757721
-1.41610652208328
1.47114157676697
1.55441123247147
2.1519638299942
-1.81792449951172
1.87519967556
-2.05228853225708
-2.01479184627533
1.82795214653015
-1.93431663513184
2.14485991001129
1.79211121797562
-1.75964677333832
 
Time Taken
3821.9062
5266.8898
5433.0585
4221.9891
4178.0395
4633.1028
3499.6673
4000.1095
4165.7199
4201.5676
4299.8727
4755.1516
2976.6626
3346.525
3176.7734
3576.4813
2811.9455
3543.9694
5099.8976
3711.8151
3299.5502
4833.8696
3842.9123
3311.9224
4220.0512
5034.8923
4653.9932
4222.7657
5755.1625
5410.5788
3844.613
 
Accuracy
-0.0062791109085083
-0.00261974334716797
-0.000633746385574341
-0.00302839279174805
-0.00678011775016785
-0.00548243522644043
0.00177715718746185
-0.00213098526000977
0.00587911903858185
-0.0033867359161377
-0.00223709456622601
-0.002555251121521
-0.000492721796035767
-0.00193285942077637
-0.00155901908874512
0.00138795375823975
-0.00150620937347412
-0.00653678178787231
-0.00361371040344238
-0.000984013080596924
-0.00178360939025879
0.00362801551818848
-0.000670313835144043
0.00150489807128906
0.00110781192779541
-0.00258004665374756
-0.000818014144897461
0.00114810466766357
-0.000557243824005127
0.00651240348815918
0.00188589096069336
