2022-02-25T15:38:50Z
 
Distance to Knob
2.15590387582779
-1.810715675354
1.87540245056152
-2.04942560195923
-2.0121556520462
1.8317768573761
-1.92988130450249
2.14412534236908
1.79434806108475
-1.76169455051422
-3.15314561128616
3.10543179512024
-2.8961089849472
2.8394730091095
-3.09599286317825
2.79815006256104
-2.88040208816528
3.00797438621521
-3.16499871015549
2.94761967658997
-1.37426586449146
1.58518660068512
-1.66534531116486
1.68344461917877
-1.42302933335304
1.68377184867859
-1.39623975753784
-1.41173678636551
1.47194528579712
1.55430859327316
 
Time Taken
2500.1909
3667.1698
3153.6372
3035.0222
3298.8381
2510.2671
3190.5947
2798.9788
3289.2764
4011.5604
3543.8502
3311.0238
3299.8153
4223.1039
3308.9184
3267.3562
3066.9048
3223.5363
3464.9523
3600.862
3899.3164
2821.7485
3388.8164
4090.2778
3388.3489
3787.1724
3668.1951
3377.5747
3322.7392
2908.4635
3512.7714
 
Accuracy
0.00215655565261841
0.0108368396759033
-0.000467777252197266
0.00436782836914063
0.00374400615692139
0.00124466419219971
0.00361731648445129
0.00041353702545166
0.00167959928512573
0.00446462631225586
0.00235635042190552
-0.00786089897155762
0.00835788249969482
-0.00720548629760742
0.00514429807662964
-0.00157737731933594
-0.00167417526245117
-0.00694370269775391
-0.00516051054000854
-0.00413131713867188
0.00431840121746063
0.00296807289123535
0.00996303558349609
0.00175738334655762
0.000661224126815796
-0.00276041030883789
0.00724101066589355
-0.00216704607009888
-0.00281000137329102
-0.00108665227890015
0.00291842222213745
