2022-02-28T17:08:15Z
 
Distance to Knob
-3.16260427236557
3.113938331604
-2.9023205935955
2.85408711433411
-3.11073082685471
2.80130171775818
-2.87346267700195
3.01000642776489
-3.16340783238411
2.96687650680542
-1.36944271251559
1.58341765403748
-1.68592640757561
1.68842709064484
-1.43277195096016
1.6909351348877
-1.39865559339523
-1.40887928009033
1.47068524360657
1.55836933851242
2.13544273376465
-1.83395028114319
1.87142479419708
-2.0668728351593
-2.01344299316406
1.83328366279602
-1.93441206216812
2.15340232849121
1.78434717655182
-1.77224957942963
 
Time Taken
5033.2009
4333.5784
4042.1363
5254.2512
4356.8372
3954.6681
5588.0167
4388.2748
4545.9087
6413.5272
6134.0245
3506.6358
9189.9117
4687.2982
4890.1749
8421.9146
4309.7643
4922.9781
4199.7071
4033.7952
5862.9974
14591.734
4390.4508
7542.7709
4614.5007
3420.6875
3476.1157
3622.8272
4055.0881
9365.2089
4341.1026
 
Accuracy
-0.00710242986679077
0.000645637512207031
0.00214627385139465
0.00740861892700195
-0.009593665599823
0.00157427787780762
0.00526523590087891
-0.00491166114807129
-0.00356963276863098
0.0151255130767822
0.00914155319333076
0.00119912624359131
-0.0106180608272552
0.00673985481262207
-0.0090813934803009
0.00440287590026855
0.0048251748085022
0.000690460205078125
-0.00407004356384277
0.00297409296035767
-0.018304705619812
-0.0123977661132813
-0.00444519519805908
-0.0130794048309326
0.0024566650390625
0.00275146961212158
-0.000913441181182861
0.00969052314758301
-0.00832128524780273
-0.00609040260314941
-0.000825762748718262
