2022-02-23T15:54:00Z
 
Distance to Knob
-3.16353899240494
3.12779951095581
-2.89794969558716
2.85862970352173
-3.11320841312408
2.80246329307556
-2.87631330639124
3.0305347442627
-3.16280689835548
2.94502735137939
-1.38194325938821
1.58116233348846
-1.68459196388721
1.67783761024475
-1.42148886620998
1.68166363239288
-1.40935444831848
-1.40930682420731
1.47880935668945
1.55072426795959
2.14207231998444
-1.81570625305176
1.87181866168976
-2.05804371833801
-2.01466190814972
1.84227740764618
-1.93888080120087
2.14246451854706
1.79343271255493
-1.77214515209198
 
Time Taken
2888.9054
4087.9511
3456.7302
5142.2275
3344.0607
4301.2002
3466.7929
4367.0068
3810.2491
4112.0634
3422.2983
2831.7889
3288.93
2878.6216
3055.2432
2921.4911
3122.4582
3034.33
2944.0304
3044.3092
3177.1678
3722.5044
3190.4814
3153.3325
3222.5756
3200.5433
2967.2966
2810.3352
3044.3627
3144.3761
3100.4495
 
Accuracy
-0.00803714990615845
0.0145068168640137
0.00651717185974121
0.011951208114624
-0.0120712518692017
0.00273585319519043
0.00241460651159287
0.0156166553497314
-0.00296869874000549
-0.00672364234924316
-0.00335899367928505
-0.00105619430541992
-0.00928361713886261
-0.00384962558746338
0.00220169126987457
-0.00486862659454346
-0.00587368011474609
0.000262916088104248
0.00405406951904297
-0.00467097759246826
-0.0116751194000244
0.00584626197814941
-0.0040513277053833
-0.00425028800964355
0.00123775005340576
0.0117452144622803
-0.00538218021392822
-0.00124728679656982
0.000764250755310059
-0.00598597526550293
-0.00042957067489624
