2022-02-28T12:41:50Z
 
Distance to Knob
-3.15316581726074
2.82969117164612
-2.8930067718029
2.8486123085022
-3.08871111273766
2.28556799888611
-2.87693409621716
2.46470761299133
-3.14238825440407
2.06486940383911
-1.37583915702999
1.51675093173981
-1.65332344174385
1.72374582290649
-1.43437464535236
1.71367740631104
-1.40293246507645
-1.41304498910904
1.48712420463562
1.54675328731537
2.1466069817543
-0.967458009719849
1.94463443756104
-1.02894830703735
-2.01930803060532
1.82040727138519
-1.93495815992355
2.12270367145538
1.80803489685059
-1.35170137882233
 
Time Taken
2877.0531
3666.6592
3377.4909
4144.6014
2956.5986
8064.8262
2878.1818
4145.1027
3217.6283
7489.8011
2599.6326
2466.5024
2621.4971
2633.8705
3143.893
2834.0841
3355.6968
2621.6371
3207.3065
3145.4351
2943.5012
5088.8873
2322.1102
2178.2
2399.9202
2622.0249
2688.5915
2632.8357
2648.4076
3022.3337
2578.4814
 
Accuracy
0.00233602523803711
-0.283601522445679
0.0114600956439972
0.00193381309509277
0.0124260485172272
-0.514159440994263
0.00179381668567657
-0.550210475921631
0.0174499452114105
-0.886881589889526
0.00274510867893696
-0.0654675960540771
0.0219849050045013
0.0420585870742798
-0.0106840878725052
0.0271451473236084
0.000548303127288818
-0.00347524881362915
0.01236891746521
-0.00864195823669434
-0.00714045763015747
0.854094505310059
0.0687644481658936
1.02484512329102
-0.00340837240219116
-0.0101249217987061
-0.00145953893661499
-0.0210081338882446
0.0153664350509644
0.41445779800415
0.000440120697021484
