2022-02-28T17:12:21Z
 
Distance to Knob
2.15462756156921
-1.82437562942505
1.8744860291481
-2.05326557159424
-2.00098377466202
1.83108413219452
-1.92934554815292
2.1433801651001
1.79275363683701
-1.75663101673126
-3.16034024953842
3.10843443870544
-2.90143197774887
2.84991884231567
-3.09255784749985
2.80078053474426
-2.86528968811035
3.0176739692688
-3.14489036798477
2.94949388504028
-1.37380900979042
1.58466732501984
-1.66219165921211
1.68029546737671
-1.41433924436569
1.68400233983994
-1.40010094642639
-1.40197968482971
1.48658585548401
1.55477178096771
 
Time Taken
3380.0213
4487.4298
3412.5708
3465.9706
4167.8869
3075.3076
3410.6725
3680.4635
4933.4164
5008.8071
3723.7564
3434.3516
4271.9822
5098.3622
3986.3046
4310.6182
3466.5483
3899.5664
4589.197
3399.5357
3866.6899
2667.8572
3332.824
3077.1441
3245.0761
3899.0652
4175.7972
3145.1996
3665.0128
2399.9353
3477.4441
 
Accuracy
0.000880241394042969
-0.0028231143951416
-0.0013841986656189
0.000527858734130859
0.0149158835411072
0.000551939010620117
0.00415307283401489
-0.000331640243530273
8.51750373840332E-05
0.00952816009521484
-0.00483828783035278
-0.00485825538635254
0.00303488969802856
0.00324034690856934
0.0085793137550354
0.0010530948638916
0.0134382247924805
0.00275588035583496
0.0149478316307068
-0.00225710868835449
0.00477525591850281
0.00244879722595215
0.0131166875362396
-0.00139176845550537
0.00935131311416626
-0.00252991914749146
0.00337982177734375
0.00759005546569824
0.0118305683135986
-0.000623464584350586
-0.00303381681442261
