2022-02-20T16:55:24Z
 
Distance to Knob
1.83165800571442
-1.93465800583363
2.13970255851746
1.80176371335983
-1.7727507352829
-3.17033511400223
3.115403175354
-2.91413503885269
2.83669638633728
-3.10313937067986
2.78924798965454
-2.89165272563696
3.01119947433472
-3.14448922872543
2.94483041763306
-1.37170002423227
1.57655537128448
-1.675426825881
1.67611396312714
-1.44577017426491
1.68928921222687
-1.40745061635971
-1.41142934560776
1.47754883766174
1.55283719301224
2.14421355724335
-1.86551904678345
1.89785218238831
-2.056401014328
-2.0090434551239
 
Time Taken
2854.6084
2934.9512
3065.9749
3422.4034
2877.9865
3678.7812
4432.6019
3322.237
3245.6914
3365.7906
3398.5173
3377.775
3765.936
3856.1012
3078.421
2543.462
3045.2329
3199.3836
3187.4068
2555.9128
2988.0982
2778.2597
2954.5141
4911.5742
3899.6745
3454.7733
3712.1277
 
Accuracy
-0.00115938484668732
-0.00400924682617188
0.00909537076950073
-0.0065915584564209
-0.014833390712738
0.00211048126220703
-0.00966817140579224
-0.00998210906982422
-0.00200220942497253
-0.012924812734127
-0.00371861457824707
0.0153489708900452
-0.00692057609558105
0.00688424147665501
-0.00566315650939941
-0.000118479132652283
-0.00557327270507813
-0.0220796167850494
-0.00396984815597534
-0.00185984373092651
0.00279355049133301
-0.00255805253982544
-0.00953388214111328
-0.04396653175354
0.0219821929931641
-0.00260758399963379
0.00685620307922363
