2022-02-20T17:18:15Z
 
Distance to Knob
2.17222854495049
-1.82959747314453
1.8826909661293
-2.04263472557068
-2.00959503650665
1.81119048595428
-1.93332579731941
2.13813161849976
1.80189210176468
-1.76072585582733
-3.16375869512558
3.10314059257507
-2.88955855369568
2.86203598976135
-3.09738349914551
2.79646968841553
-2.87537163496017
3.00691914558411
-3.14289230108261
2.94718384742737
-1.38024242222309
1.5914489030838
-1.66751930117607
1.68086087703705
-1.41904404759407
1.69860148429871
-1.4003918170929
-1.39789396524429
1.47303628921509
1.57493543624878
 
Time Taken
2766.0487
3060.1921
3331.503
3023.269
2810.3364
2744.31
3377.4991
3543.6522
2967.3395
3988.4008
3698.7486
3233.8261
3200.211
3323.1211
3086.942
4500.3103
3854.654
4067.3333
2523.9729
2455.267
2388.2951
2754.3829
3000.0266
2391.5046
3321.1867
2420.8459
2189.598
 
Accuracy
-0.00804495811462402
0.00682073831558228
0.0111587047576904
0.00630462169647217
-0.0193417072296143
0.000172823667526245
-0.00558018684387207
0.00922363996505737
0.00543332099914551
-0.0101521015167236
0.0149083137512207
0.015357494354248
0.003753662109375
-0.00325775146484375
0.00335627794265747
-0.00799894332885742
0.0169458985328674
-0.00456714630126953
0.00923037528991699
0.00778904557228088
-0.000826358795166016
0.00464650988578796
0.0120692253112793
0.00308895111083984
0.0116757750511169
-0.00171899795532227
0.0195401906967163
