2022-02-23T16:18:50Z
 
Distance to Knob
2.15313714742661
-1.81797218322754
1.87831193208694
-2.05145835876465
-2.01745277643204
1.8299525976181
-1.93808156251907
2.13799118995667
1.79025250673294
-1.76677334308624
-3.15411460399628
3.1155412197113
-2.90338641405106
2.84451866149902
-3.09839391708374
2.80428194999695
-2.87831610441208
3.01551485061646
-3.1614556312561
2.9490213394165
-1.37779040634632
1.58019745349884
-1.67441621422768
1.67869198322296
-1.42166650295258
1.68558943271637
-1.40602338314056
-1.41299694776535
1.4749550819397
1.55445170402527
 
Time Taken
3112.6883
4009.5391
3744.4871
4132.9144
3822.7764
3500.3354
3422.0545
4478.0572
4476.6909
3468.2526
4709.463
4166.6675
4534.4266
4376.7367
4712.5821
5210.0501
3712.0268
3565.7585
10078.4458
5331.6497
8290.1431
3067.0154
3433.108
3121.8094
3987.8522
3544.1144
2922.4656
3622.511
4520.4155
4044.8462
3623.6395
 
Accuracy
-0.000610172748565674
0.00358033180236816
0.00244170427322388
0.0023350715637207
-0.00155311822891235
-0.000579595565795898
-0.00458294153213501
-0.00572061538696289
-0.00241595506668091
-0.000614166259765625
0.00138735771179199
0.00224852561950684
0.00108045339584351
-0.00215983390808105
0.00274324417114258
0.00455451011657715
0.000411808490753174
0.000596761703491211
-0.001617431640625
-0.00272965431213379
0.000793859362602234
-0.00202107429504395
0.000892132520675659
-0.00299525260925293
0.00202405452728271
-0.000942826271057129
-0.00254261493682861
-0.00342720746994019
0.000199794769287109
-0.000943541526794434
0.000328004360198975
