2022-02-21T17:55:29Z
 
Distance to Knob
2.15285819768906
-1.82271575927734
1.89045536518097
-2.03501081466675
-2.00825971364975
1.84192872047424
-1.93296745419502
2.1513284444809
1.79785829782486
-1.7672153711319
-3.15105926990509
3.10229969024658
-2.90498954057693
2.85496735572815
-3.09169590473175
2.79327988624573
-2.88085475564003
3.00628399848938
-3.15350922942162
2.95112466812134
-1.36934293806553
1.57851791381836
-1.67361590266228
1.68852818012238
-1.4197686612606
1.6883282661438
-1.39766699075699
-1.40371668338776
1.48354268074036
1.54877197742462
 
Time Taken
5745.2805
5343.2916
5299.0634
4575.5777
5798.1886
7244.8983
6822.8595
5668.2919
5175.698
5188.5137
5168.1709
5131.1752
8322.9907
5965.3734
5632.9163
7447.3445
5141.8468
5356.9559
8765.8374
4321.2137
5479.4638
4088.6157
6900.3501
5811.8733
14066.7559
4554.0529
3633.0752
7132.9799
4599.7487
13046.4434
5830.7008
 
Accuracy
-0.000889122486114502
-0.00116324424743652
0.0145851373672485
0.0187826156616211
0.00763994455337524
0.0113965272903442
0.000531166791915894
0.00761663913726807
0.00518983602523804
-0.00105619430541992
0.00444269180297852
-0.0109930038452148
-0.0005226731300354
0.00828886032104492
0.00944125652313232
-0.00644755363464355
-0.00212684273719788
-0.00863409042358398
0.00632897019386292
-0.000626325607299805
0.00924132764339447
-0.0037006139755249
0.00169244408607483
0.00684094429016113
0.00392189621925354
0.00179600715637207
0.00581377744674683
0.00585305690765381
0.00878739356994629
-0.00662326812744141
-0.00272488594055176
