2022-01-19T17:00:31Z
 
Distance to Knob
-3.06237196922302
2.98548781871796
-3.02919840812683
3.0291234254837
-3.34370172023773
3.03235793113709
-2.95107746124268
3.14371001720428
-3.31454074382782
3.27636420726776
-3.42202472686768
2.09918689727783
-2.62460255622864
2.15291547775269
-2.20144879817963
1.81247091293335
-1.63731330633163
1.81864994764328
-2.48408269882202
1.82005542516708
1.6694792509079
-1.42187833786011
1.32209992408752
-1.31575560569763
-1.98272633552551
1.49670398235321
1.13561952114105
-1.89139127731323
-1.70867455005646
1.60701495409012
-1.85289490222931
 
Time Taken
1170.7392
1150.2465
945.54
1122.998
1015.1205
1111.0818
933.4324
1162.1408
899.5233
1133.5308
999.8322
1110.4707
1000.1533
2267.1397
910.4793
1038.8433
957.7403
958.6403
1155.7597
888.373
2214.0909
1069.2039
1664.3426
750.9559
1395.7551
1549.4423
1347.8541
860.6746
1145.5714
1439.2031
 
Accuracy
-0.193391561508179
0.033108115196228
-0.0346330404281616
-0.00897514820098877
-0.211838960647583
-0.0899183750152588
-0.273688316345215
0.0139279365539551
-0.0901546478271484
-0.108450293540955
-0.322013139724731
-0.223421096801758
-0.208664655685425
-0.202216744422913
-0.162534117698669
0.0301364064216614
-0.13613098859787
-0.126164793968201
-0.132308721542358
-0.342997848987579
0.167834043502808
-0.267612457275391
0.168012857437134
-0.0418264865875244
-0.15053403377533
-0.0218933820724487
-0.0260367393493652
-0.107863783836365
-0.214799702167511
-0.00604188442230225
