2022-02-25T15:42:31Z
 
Distance to Knob
-3.15663838386536
3.11979222297668
-2.90138372778893
2.85114979743958
-3.09233352541924
2.80326080322266
-2.87585354596376
3.02832865715027
-3.15275131165981
2.95290613174438
-1.38448250293732
1.58373093605042
-1.67262446880341
1.68032717704773
-1.42158900201321
1.68507969379425
-1.39848175644875
-1.40929263830185
1.47576951980591
1.55591630935669
2.15948522090912
-1.80315804481506
1.87635147571564
-2.04062175750732
-2.01489287614822
1.83948719501495
-1.92955452203751
2.14335513114929
1.79377728700638
-1.76786863803864
 
Time Taken
2588.988
4222.1154
4166.5325
4179.4797
3398.8702
3855.2274
3600.9269
3775.6921
3810.7124
4944.23
4466.5852
3801.2571
4077.0934
3154.9684
3310.2417
3890.2164
2823.4575
2843.6953
3054.352
3056.5587
3564.2103
4844.7765
4054.9284
4034.7794
4544.7186
4177.9345
3264.9905
4022.6809
3287.6781
4211.2315
3377.8844
 
Accuracy
-0.00113654136657715
0.0064995288848877
0.00308313965797424
0.0044713020324707
0.00880363583564758
0.00353336334228516
0.00287436693906784
0.0134105682373047
0.00708688795566559
0.00115513801574707
-0.00589823722839355
0.00151240825653076
0.00268387794494629
-0.00136005878448486
0.00210155546665192
-0.00145256519317627
0.00499901175498962
0.000277101993560791
0.00101423263549805
0.000521063804626465
0.0057377815246582
0.0183944702148438
0.000481486320495605
0.0131716728210449
0.00100678205490112
0.00895500183105469
0.00394409894943237
-0.000356674194335938
0.00110882520675659
-0.0017094612121582
0.00646162033081055
