2022-02-20T16:51:58Z
 
Distance to Knob
-3.18316870927811
3.11186218261719
-2.90762296319008
2.8489933013916
-3.11057302355766
2.79221844673157
-2.8825718164444
3.01084685325623
-3.1548565030098
2.95163083076477
-1.39643108844757
1.58745265007019
-1.66942743957043
1.69787001609802
-1.4268314987421
1.68297040462494
-1.40327146649361
-1.42655003070831
1.46755003929138
1.55190992355347
2.15433382987976
-1.81578588485718
1.86508727073669
-2.05288362503052
-2.01289802789688
1.83667600154877
-1.93401712179184
2.1487945318222
1.79791313409805
-1.76076638698578
 
Time Taken
3444.0367
3302.049
3698.2736
3180.4371
4048.5159
3456.39
4155.6439
4211.4281
3599.274
3243.1855
3022.8677
3556.2247
2821.2346
2933.2641
2878.218
3855.199
2832.7999
2624.2142
4479.9241
4004.3205
3455.0484
3355.6664
3090.876
3085.8544
3268.4653
2999.8948
4010.4098
 
Accuracy
-0.00143051147460938
-0.00315609574317932
0.00231480598449707
-0.00943586230278015
-0.00750899314880371
-0.00384390354156494
-0.00407123565673828
0.00498169660568237
-0.000120162963867188
0.00523412227630615
0.00588090717792511
0.0161827802658081
-0.00314094126224518
-0.00356185436248779
0.000209301710128784
-0.0169802904129028
-0.00720524787902832
-0.00348532199859619
0.00576663017272949
-0.0107827186584473
0.000909805297851563
0.0030016303062439
0.00614380836486816
-0.000518500804901123
0.00508272647857666
0.0052446722984314
0.00539278984069824
