2022-02-14T17:53:05Z
 
Distance to Knob
-1.36768248584121
1.40056132152677
-1.56073902733624
1.69450053572655
-1.42423717677593
1.48793464899063
-1.57460345327854
-1.40945613384247
1.67936968803406
1.68146312236786
2.16225528717041
-1.80184769630432
1.83549386262894
-1.92805540561676
-1.76539415121078
1.82094722986221
-2.12330090999603
1.87217324972153
2.06203746795654
-2.00113445520401
-3.14598590135574
3.16573804616928
-3.00588393211365
2.80404061079025
-2.86927258968353
3.09937506914139
-2.94612038135529
3.12385505437851
-2.89723134040833
2.84274369478226
 
Time Taken
3655.6711
2982.4281
3294.6316
3400.2633
4288.732
3978.0581
4910.7134
9655.2009
4155.5528
10288.4189
5734.7156
6099.8765
4399.0721
5922.9516
3498.733
3355.3151
3167.3966
11600.5117
4243.911
5312.8711
4253.1872
3911.0066
4110.5803
5812.6743
4200.0806
4266.4853
4811.0503
 
Accuracy
-0.00291943550109863
-0.00534379296004772
0.0128133296966553
-0.000546649098396301
0.0131793022155762
0.00761513411998749
0.000113606452941895
0.00406122207641602
-0.00506901741027832
-0.00917911529541016
0.00496155023574829
0.00544333457946777
0.000765025615692139
-0.000605225563049316
0.0204108357429504
-0.00369679927825928
0.0082440972328186
0.0147652626037598
0.00589990615844727
0.00903409719467163
0.00431323051452637
0.00945550203323364
-0.00176215171813965
0.00563067197799683
0.0105624198913574
0.00723546743392944
-0.00393486022949219
