2022-02-25T15:35:36Z
 
Distance to Knob
1.82739770412445
-1.92937855422497
2.14478361606598
1.79851177334785
-1.76242434978485
-3.15705561637878
3.11644601821899
-2.90606310963631
2.84727692604065
-3.09674143791199
2.79926180839539
-2.88125018030405
3.01141428947449
-3.16083079576492
2.95938062667847
-1.3779132924974
1.57598602771759
-1.67173720896244
1.67270267009735
-1.42032024264336
1.69141864776611
-1.40089157223701
-1.4083132147789
1.47174525260925
1.55888110399246
2.15313327312469
-1.81863141059875
1.87783849239349
-2.05722522735596
-2.01214271783829
 
Time Taken
3060.4762
3050.022
3364.9034
3722.3137
3533.5288
3166.5873
4533.0291
3378.0349
3700.5384
3488.1656
5288.4277
3854.8512
4756.4252
3500.9688
4254.9382
3866.7924
3110.4539
2555.7625
3333.4657
4055.8911
3532.4487
3655.3613
3478.1387
3034.1646
3400.4231
3254.1476
4099.8097
3111.184
3233.7889
3277.3085
3689.119
 
Accuracy
-0.00313448905944824
0.00412006676197052
0.00107181072235107
0.00584343075752258
0.00373482704162598
-0.00155389308929443
0.00315332412719727
-0.00159624218940735
0.000598430633544922
0.00439572334289551
-0.000465631484985352
-0.00252226740121841
-0.00350379943847656
-0.00099259614944458
0.0076296329498291
0.000670973211526871
-0.00623250007629395
0.00357113778591156
-0.00898456573486328
0.00337031483650208
0.00488638877868652
0.00258919596672058
0.00125628709793091
-0.00301003456115723
0.00348585844039917
-0.000614166259765625
0.00292110443115234
0.00196850299835205
-0.00343179702758789
0.00375694036483765
0.000419378280639648
