2022-01-19T16:49:13Z
 
Distance to Knob
2.43809635937214
-3.20709526538849
3.0827516913414
-2.53071129322052
2.96496684104204
-3.04218301177025
2.34633956849575
-2.89265602827072
2.344069480896
-3.5204644203186
2.53414356708527
-1.7059280872345
1.55786342918873
-2.04675966501236
-1.97738152742386
1.68492287397385
1.69042060773063
-1.95063412189484
1.22039696574211
-2.62273335456848
1.42300301790237
1.16656506061554
-1.2178253531456
1.67567378282547
-1.42086857557297
-1.92122447490692
-1.36798840761185
1.53843837976456
0.823013409972191
-1.32980191707611
1.11974647641182
 
Time Taken
1461.8505
1099.1533
1398.8929
1073.3453
1374.2567
1259.266
1042.0828
1321.4294
3927.8696
1436.5759
1366.2477
887.5975
808.4497
973.0834
1348.0478
1428.6334
997.4571
717.5062
943.4684
1138.0265
1240.8274
1317.0081
1616.3557
1345.292
1124.0812
1592.4659
1120.869
1372.1341
1102.7272
1580.7514
 
Accuracy
0.0796298980712891
-0.271612107753754
0.112377882003784
-0.231541447341442
0.186165332794189
-0.227790579199791
0.0829493999481201
-0.379823386669159
-0.0808265209197998
-0.313710331916809
0.00939095020294189
-0.195024773478508
-0.109286546707153
-0.224546194076538
-0.39494514465332
-0.227763017013785
0.183886766433716
-0.313572555780411
-0.202895045280457
-0.324870824813843
-0.115284621715546
0.0603052377700806
-0.137834310531616
0.174892902374268
-0.238311469554901
-0.340001046657562
-0.189892053604126
-0.213019922375679
-0.0573790669441223
-0.312705188989639
