2022-02-25T17:11:10Z
 
Distance to Knob
2.15611943602562
-1.79619002342224
1.88311499357224
-2.04010653495789
-2.00938850641251
1.83927619457245
-1.94070172309875
2.11925280094147
1.79409795999527
-1.76838386058807
-3.14862048625946
3.10529780387878
-2.90381324291229
2.83194231987
-3.11280190944672
2.7997567653656
-2.85934633016586
3.00065851211548
-3.1607019007206
2.94889879226685
-1.37540574371815
1.57562065124512
-1.67606085538864
1.68505525588989
-1.41759830713272
1.67729634046555
-1.39267772436142
-1.40566122531891
1.47534012794495
1.56446450948715
 
Time Taken
2332.3694
2488.7918
4143.9269
2600.133
4667.1601
2677.091
2454.5766
2767.9356
2221.7955
3088.5476
2487.1805
3167.7055
2878.2838
3121.224
3578.7877
3032.3241
3422.1101
2933.4384
2921.9238
2811.3429
2989.6024
2576.9099
2611.6645
2365.6707
2455.9544
2311.3946
2754.4864
2554.8424
2021.6864
2689.2794
2954.7724
 
Accuracy
0.00237211585044861
0.025362491607666
0.0072447657585144
0.0136868953704834
0.0065111517906189
0.0087440013885498
-0.00720310211181641
-0.0244590044021606
0.00142949819564819
-0.00222468376159668
0.0068814754486084
-0.0079948902130127
0.000653624534606934
-0.0147361755371094
-0.0116647481918335
2.93254852294922E-05
0.019381582736969
-0.0142595767974854
-0.000863701105117798
-0.00285220146179199
0.00317852199077606
-0.00659787654876709
-0.000752508640289307
0.00336802005767822
0.00609225034713745
-0.0092359185218811
0.0108030438423157
0.00390851497650146
0.000584840774536133
0.00906926393508911
0.0037236213684082
