2022-01-19T17:25:24Z
 
Distance to Knob
-2.96631532907486
3.05098247528076
-2.8927258849144
2.4781459569931
-2.5793736577034
2.45635044574738
-2.47243702411652
2.4970144033432
-2.81583470106125
2.90394008159637
-2.997354388237
1.81203289330006
-1.98933589458466
2.18358045816422
-2.16539019346237
1.63610926270485
-1.99025338888168
1.47982336580753
1.69855616986752
-1.45269583910704
-1.46185359358788
1.42991673946381
-1.41752600669861
1.65142208337784
1.79493677616119
-0.910299181938171
-1.40089219808578
1.25631170719862
-1.44954890012741
-1.36733515560627
0.855814933776855
 
Time Taken
1731.3873
3046.2287
1177.8041
888.5506
903.3491
703.2874
990.023
2088.7842
914.6976
1138.362
958.2664
747.019
845.4344
1072.4696
795.5273
693.1592
689.0118
549.8165
1454.9365
911.4135
878.9321
950.2333
634.8151
802.4801
1663.4789
1054.2706
807.8714
754.644
629.2504
1295.5014
 
Accuracy
-0.158895134925842
0.177282392978668
-0.265082240104675
0.0739323496818542
-0.0644751787185669
0.390162706375122
-0.271508574485779
-0.204582154750824
-0.428240895271301
0.261029243469238
-0.295863509178162
-0.146120473742485
0.0234286785125732
-0.00351083278656006
-0.12519109249115
-0.197459369897842
-0.180984020233154
0.0169260501861572
0.143319368362427
0.192029394209385
-0.507110834121704
0.0424889326095581
-0.088994026184082
-0.195058882236481
0.322010517120361
-0.021533727645874
-0.0842225626111031
-0.138939738273621
0.181915268301964
-0.220293402671814
