2022-02-25T17:05:36Z
 
Distance to Knob
-3.15264144539833
3.11211895942688
-2.91447320580482
2.85137844085693
-3.0953483581543
2.78938341140747
-2.89134297519922
3.0243182182312
-3.16355869174004
2.92878985404968
-1.37273508496583
1.60494434833527
-1.68392966687679
1.69308531284332
-1.42442178726196
1.69369339942932
-1.41225999593735
-1.39712357521057
1.47599482536316
1.54552108049393
2.14061576128006
-1.80277705192566
1.94247841835022
-2.03095889091492
-2.02144438028336
1.86472225189209
-1.92599183320999
2.14808738231659
1.78440570831299
-1.78855192661285
 
Time Taken
3644.4512
3856.0654
3644.0563
3877.3838
3990.0475
3888.0629
3155.4936
3845.3196
3610.0285
3754.9752
3191.3129
3152.7191
3145.7011
3009.363
2899.8722
3167.3656
3067.9338
2713.1473
2885.5334
3022.1216
2866.0451
2867.5701
2865.3734
2779.3702
3187.4261
2944.2287
3068.6428
3177.3655
2776.1124
2545.3717
3378.3222
 
Accuracy
0.00286039710044861
-0.00117373466491699
-0.0100063383579254
0.0046999454498291
0.00578880310058594
-0.0103440284729004
-0.0126150622963905
0.0094001293182373
-0.0037204921245575
-0.0229611396789551
0.00584918074309826
0.0227258205413818
-0.00862132012844086
0.0113980770111084
-0.000731229782104492
0.00716114044189453
-0.00877922773361206
0.0124461650848389
0.00123953819274902
-0.00987416505813599
-0.0131316781044006
0.018775463104248
0.0666084289550781
0.0228345394134521
-0.00554472208023071
0.0341900587081909
0.00750678777694702
0.00437557697296143
-0.0082627534866333
-0.022392749786377
0.013670802116394
