2022-02-23T16:26:10Z
 
Distance to Knob
-3.15546533465385
3.1181640625
-2.90019974112511
2.84753394126892
-3.09332621097565
2.79814314842224
-2.87334296107292
3.02047967910767
-3.1527019739151
2.95038151741028
-1.37291483953595
1.58374285697937
-1.66905155777931
1.68478739261627
-1.42199914157391
1.69428193569183
-1.40027517080307
-1.40778243541718
1.47307920455933
1.56312030553818
2.16624313592911
-1.81464147567749
1.88456928730011
-2.04470181465149
-2.01248741149902
1.83558094501495
-1.93047052621841
2.14932143688202
1.79803663492203
-1.76219737529755
 
Time Taken
3240.5764
5187.6211
4400.6232
4174.0614
4310.6452
6589.7255
4500.0367
6454.0901
4723.1078
4907.9452
4077.1713
4467.8474
4198.4606
5021.7023
5877.982
3779.166
4533.1578
4320.7549
4955.1695
3378.5115
3832.4291
4912.0236
5632.657
4143.364
5135.0253
4242.8883
4255.1438
4479.0631
4320.4095
8511.8657
3944.1439
 
Accuracy
3.65078449249268E-05
0.00487136840820313
0.0042671263217926
0.000855445861816406
0.00781095027923584
-0.00158429145812988
0.00538495182991028
0.00556159019470215
0.00713622570037842
-0.00136947631835938
0.00566942617297173
0.00152432918548584
0.00625678896903992
0.00310015678405762
0.00169141590595245
0.00774967670440674
0.00320559740066528
0.00178730487823486
-0.00167608261108398
0.0077250599861145
0.0124956965446472
0.00691103935241699
0.00869929790496826
0.00909161567687988
0.00341224670410156
0.00504875183105469
0.00302809476852417
0.00560963153839111
0.00536817312240601
0.00396180152893066
0.00210773944854736
