2022-02-23T16:30:28Z
 
Distance to Knob
1.83484315872192
-1.93091511726379
2.14728832244873
1.79526370763779
-1.76368319988251
-3.15035158395767
3.11428761482239
-2.90323758125305
2.84797835350037
-3.09848308563232
2.79808664321899
-2.87566308677197
3.02021241188049
-3.16086356341839
2.95021057128906
-1.37497768737376
1.58582973480225
-1.67062266170979
1.68913412094116
-1.42044255137444
1.69316601753235
-1.39532119035721
-1.40824741125107
1.47582173347473
1.56453049182892
2.1640630364418
-1.81743001937866
1.87772691249847
-2.04903292655945
-2.00601971149445
 
Time Taken
3844.0115
3555.6668
4099.7521
4865.6837
4978.2498
4490.3504
5343.1013
5359.3081
6173.643
5699.496
6556.9492
4976.2341
4366.7639
4467.1161
4409.8262
6255.2073
4100.7834
3744.0983
3867.2817
4821.6117
4110.7536
4155.1853
5322.1691
4488.6791
3956.2854
4554.3912
5477.0314
5390.3293
4575.7929
4870.7234
4300.2909
 
Accuracy
0.0043109655380249
0.00258350372314453
0.00357651710510254
0.00259536504745483
0.00247597694396973
0.00515013933181763
0.00099492073059082
0.00122928619384766
0.00129985809326172
0.00265407562255859
-0.00164079666137695
0.003064826130867
0.0052943229675293
-0.00102536380290985
-0.0015404224395752
0.00360657833516598
0.00361120700836182
0.00468568503856659
0.00744688510894775
0.00324800610542297
0.00663375854492188
0.0081595778465271
0.00132209062576294
0.00106644630432129
0.00913524627685547
0.0103155970573425
0.00412249565124512
0.00185692310333252
0.0047605037689209
0.0098799467086792
0.00196671485900879
