2022-02-27T15:35:42Z
 
Distance to Knob
2.15756344795227
-1.83848071098328
1.88673460483551
-2.05134963989258
-2.00830590724945
1.83034026622772
-1.92735707759857
2.14432597160339
1.79314601421356
-1.76654040813446
-3.16590052843094
3.11686205863953
-2.90697675943375
2.83984684944153
-3.08718717098236
2.79924011230469
-2.88127267360687
3.01386713981628
-3.15182375907898
2.92817735671997
-1.38474388420582
1.58335399627686
-1.66957187652588
1.66773188114166
-1.42224210500717
1.68121343851089
-1.39922118186951
-1.41751307249069
1.47481560707092
1.55136370658875
 
Time Taken
11012.3778
3933.3691
4553.8167
3653.0294
4900.0698
3633.2553
5188.104
5340.4737
5000.4427
4265.2451
4177.6567
4666.3103
5623.0173
5478.1572
5036.1205
3876.7393
5468.1465
4244.0731
5244.1204
5422.0241
4422.8892
4032.8801
3455.5554
4388.7038
4544.0102
4298.9498
5688.6149
3274.843
3795.6129
4321.2909
3678.0147
 
Accuracy
0.00381612777709961
-0.0169281959533691
0.0108643770217896
0.00244379043579102
0.00759375095367432
-0.000191926956176758
0.0061415433883667
0.000614166259765625
0.00047755241394043
-0.000381231307983398
-0.0103985667228699
0.00356936454772949
-0.00250989198684692
-0.00683164596557617
0.013949990272522
-0.000487327575683594
-0.00254476070404053
-0.00105094909667969
0.00801444053649902
-0.023573637008667
-0.00615961849689484
0.00113546848297119
0.00573647022247314
-0.0139553546905518
0.00144845247268677
-0.00531882047653198
0.00425958633422852
-0.00794333219528198
6.03199005126953E-05
-0.00403153896331787
0.000341176986694336
