2022-02-21T17:25:09Z
 
Distance to Knob
2.14764070510864
-1.82809209823608
1.87554478645325
-2.05063939094543
-2.00840789079666
1.82455956935883
-1.93352651596069
2.14124989509583
1.79741013050079
-1.76299393177032
-3.14963203668594
3.1098210811615
-2.90001595020294
2.84328389167786
-3.10074830055237
2.79491639137268
-2.87503597140312
3.00312399864197
-3.16031062602997
2.95156645774841
-1.38519401848316
1.59348547458649
-1.67917466163635
1.67521953582764
-1.41578909754753
1.69028013944626
-1.41108769178391
-1.40983629226685
1.47387981414795
1.55759572982788
 
Time Taken
3520.1151
4020.9816
4311.4327
3377.0529
3367.0938
3331.9064
3754.9906
4921.7527
5733.1474
2923.0337
3976.5902
7899.2402
7145.4562
7123.5717
4676.1381
3833.8337
5099.7834
3577.9366
3662.3732
3792.8747
4844.8829
4887.1961
4079.9156
5510.1399
4056.0391
3977.2515
3155.1851
3445.3434
3022.5732
2986.7729
4077.3507
 
Accuracy
-0.00610661506652832
-0.00653958320617676
-0.000325441360473633
0.00315403938293457
0.00749176740646362
-0.00597262382507324
-2.78949737548828E-05
-0.00246191024780273
0.00474166870117188
0.00316524505615234
0.00586992502212524
-0.00347161293029785
0.00445091724395752
-0.00339460372924805
0.000388860702514648
-0.00481104850769043
0.00369194149971008
-0.0117940902709961
-0.000472426414489746
-0.000184535980224609
-0.00660975277423859
0.0112669467926025
-0.00386631488800049
-0.00646770000457764
0.00790145993232727
0.00374788045883179
-0.00760692358016968
-0.000266551971435547
-0.000875473022460938
0.00220048427581787
0.000980556011199951
