2022-03-01T16:37:35Z
 
Distance to Knob
0.618984907865524
-2.25974300503731
0.755175083875656
-2.40466311573982
0.547087877988815
-0.831496387720108
0.750722140073776
-0.924586206674576
0.757101029157639
-0.66658952832222
1.01994273066521
-0.93035776913166
-1.43187534809113
1.27239584922791
1.75734996795654
2.21098518371582
-1.77133369445801
2.02337634563446
0.877635091543198
-1.00238814949989
0.808259690180421
-1.35059493780136
0.514735907316208
2.30740436911583
0.541245192289352
-2.61425676941872
0.49903592467308
-2.40543094277382
0.441247552633286
-2.6598896086216
 
Time Taken
4150.5927
749.9994
488.0571
478.9551
669.9534
446.8894
466.0017
415.9778
483.0524
399.8868
2132.3448
7850.0234
10201.7532
3965.0007
1966.8599
1749.4593
2033.3897
1434.22
15233.8484
833.4794
1498.9997
983.0018
949.39
2134.002
2667.241
683.1339
534.0788
466.0496
417.0753
350.0002
783.0872
 
Accuracy
-2.18074253201485
0.618984907865524
-2.25974300503731
0.755175083875656
-2.40466311573982
0.547087877988815
-0.831496387720108
0.750722140073776
-0.924586206674576
0.757101029157639
-0.66658952832222
0.473122999072075
-0.0223056077957153
-0.202359437942505
0.20195472240448
0.0572377443313599
0.0502188205718994
0.147506356239319
2.93142852187157
1.01351150870323
-1.02227250300348
0.582903683185577
-1.62897589802742
0.514735907316208
2.30740436911583
0.541245192289352
-2.61425676941872
0.49903592467308
-2.40543094277382
0.441247552633286
-2.6598896086216
