2022-03-10T13:11:07Z
 
Distance to Knob
-1.39752612635493
1.59078001976013
-1.70973853766918
1.69622731208801
-1.44552756845951
1.66500496864319
-1.40612348914146
-1.43121331930161
1.459308385849
1.52947592735291
2.1712441444397
-1.68211317062378
1.86275708675385
-2.05905890464783
-2.03290086984634
1.80581820011139
-1.92090213298798
2.14749097824097
1.80973726511002
-1.78998005390167
-3.15085661411285
3.09959363937378
-2.93856430053711
2.77792859077454
-3.15643709897995
2.81100678443909
-2.90406155586243
3.01709079742432
-3.16685038805008
2.90613627433777
 
Time Taken
5102.5696
4099.6462
3833.203
3463.1309
3577.6601
3311.7985
3322.2119
3922.0277
3489.3119
4877.4631
3266.327
3744.6974
5119.6789
4276.0752
3611.9873
2866.3618
3399.5462
3788.2565
3065.9875
3491.1709
3233.245
3131.4922
4067.4742
4044.5929
4344.27
6100.247
3121.5912
3210.5302
2722.8571
3523.0048
2833.2726
 
Accuracy
-0.0189418606460094
0.00856149196624756
-0.0344301909208298
0.0145400762557983
-0.0218370109796524
-0.0215272903442383
-0.00264272093772888
-0.0216435790061951
-0.0154469013214111
-0.0259193181991577
0.0174967050552368
0.139439344406128
-0.0131129026412964
-0.00526547431945801
-0.017001211643219
-0.0247139930725098
0.0125964879989624
0.00377917289733887
0.0170688033103943
-0.0238208770751953
0.00464534759521484
-0.0136990547180176
-0.03409743309021
-0.0687499046325684
-0.0552999377250671
0.0112793445587158
-0.0253336429595947
0.00217270851135254
-0.00701218843460083
-0.0456147193908691
0.0172137022018433
