2022-03-11T13:45:01Z
 
Distance to Knob
2.78637933731079
-2.86290174722672
3.03856158256531
-3.15364044904709
2.96303677558899
-1.38494424521923
1.6057493686676
-1.66693541407585
1.68503749370575
-1.41888090968132
1.69269669055939
-1.41421037912369
-1.42856132984161
1.47455334663391
1.56844866275787
2.03149366378784
-1.83151912689209
1.86033952236176
-2.03275656700134
-2.02708035707474
1.83828401565552
-1.93120324611664
2.15454709529877
1.78313505649567
-1.79250037670136
-3.1650385260582
3.13306474685669
-2.90981590747833
2.85986256599426
-3.09799337387085
 
Time Taken
2942.6504
2523.0395
2414.7581
2385.0429
2342.2491
2332.7537
2135.3898
2086.5466
2278.4086
1821.8849
2736.1807
2196.9549
2221.783
2179.8568
2008.9023
2233.5574
2777.6928
2944.7267
2166.1957
2534.0778
2154.6962
1912.0947
2133.2067
2101.202
2453.9476
2387.3569
2179.5778
2047.2566
2532.4362
1998.0241
2421.6479
 
Accuracy
-0.0133481025695801
0.0158261656761169
0.0236434936523438
0.00619775056838989
0.0112857818603516
-0.00635997951030731
0.0235308408737183
0.00837293267250061
0.00335025787353516
0.00480964779853821
0.00616443157196045
-0.0107296109199524
-0.0189915895462036
-0.000201940536499023
0.0130534172058105
-0.0222996473312378
-0.00996661186218262
0.00446951389312744
0.0210368633270264
-0.0111806988716125
0.00775182247161865
0.00229537487030029
0.0108352899551392
-0.00953340530395508
-0.0263411998748779
-0.00953656435012817
0.0197720527648926
-0.00534904003143311
0.0131840705871582
0.0031437873840332
0.0139079093933105
