2022-03-03T19:04:01Z
 
Distance to Knob
-1.3616818767041
1.57563889026642
-1.68098276853561
1.69035422801971
-1.43046498298645
1.71009886264801
-1.39229622483253
-1.40737891197205
1.47891044616699
1.56351912021637
2.16844570636749
-1.8127646446228
1.86883080005646
-2.05154728889465
-2.00695693492889
1.83632588386536
-1.92955279350281
2.16831433773041
1.8048506975174
-1.76714360713959
-3.14272952079773
3.11224818229675
-2.89455968141556
2.87008929252625
-3.09360337257385
2.78687381744385
-2.88954538106918
3.01311278343201
-3.17718285322189
2.9713408946991
 
Time Taken
2642.5676
5479.4916
2854.8757
5276.5286
7744.9224
6589.5322
6422.2472
5087.9804
6355.5351
7544.2385
9389.88
7664.3381
11544.9253
3786.2516
3490.0922
12622.6443
5921.2507
5977.4589
7321.9181
9244.9469
8222.3026
13111.1998
3967.0418
16276.0565
4244.1359
7145.7942
4666.0801
3101.0291
5898.5345
3922.2681
5257.0258
 
Accuracy
0.0169023890048265
-0.00657963752746582
-0.00567442178726196
0.0086669921875
-0.0067744255065918
0.0235666036605835
0.0111845433712006
0.00219082832336426
0.00415515899658203
0.00812387466430664
0.0146982669830322
0.00878787040710449
-0.00703918933868408
0.00224614143371582
0.00894272327423096
0.00579369068145752
0.00394582748413086
0.0246025323867798
0.0121822357177734
-0.000984430313110352
0.0127724409103394
-0.00104451179504395
0.00990718603134155
0.0234107971191406
0.00753378868103027
-0.0128536224365234
-0.0108174681663513
-0.00180530548095703
-0.0173446536064148
0.019589900970459
0.00844389200210571
