2022-02-14T17:12:52Z
 
Distance to Knob
-1.66878183558583
1.55794216692448
-1.3974220007658
1.68112505972385
-1.39926768839359
1.47230124473572
-1.37342965602875
-1.43084108829498
1.5930814743042
1.68297517299652
2.17253643274307
-1.8758859038353
1.92766577005386
-1.72541904449463
-2.01213431358337
2.16261142492294
-2.02410155534744
-1.82880240678787
1.83184170722961
1.78785592317581
-3.13330096006393
3.14854782819748
-2.87684381008148
3.02780604362488
-2.85611486434937
2.80834710597992
-2.96608734130859
3.09822225570679
-3.0852929353714
2.84946882724762
 
Time Taken
3567.8469
3566.1796
3131.9287
2687.9541
2712.2689
4977.096
2665.8124
2823.5031
2533.041
4011.5095
3398.0063
30171.7575
3085.0293
2821.0246
4537.6708
5301.7234
3216.7329
3122.9193
4756.571
2839.769
5302.7314
3044.8005
3274.5685
2600.322
3620.8374
3166.9357
3055.3764
 
Accuracy
0.00254690647125244
0.00605866312980652
-0.00540709495544434
0.010301947593689
-0.00245404243469238
0.00515460968017578
-0.00715053081512451
0.0108628273010254
0.00766682624816895
-1.57356262207031E-05
-0.00583279132843018
0.0407400131225586
0.00376546382904053
0.0188996195793152
0.0296918153762817
0.00172984600067139
0.010289192199707
-0.00481259822845459
-0.0112903118133545
0.0276229977607727
0.0128879547119141
0.0226130485534668
0.00861978530883789
-0.0143363475799561
-0.00291478633880615
0.0279996395111084
0.00279021263122559
