2022-03-12T16:23:57Z
 
Distance to Knob
2.15862935781479
-1.81998705863953
1.87405377626419
-2.04929637908936
-2.01153618097305
1.83255481719971
-1.93387007713318
2.14085602760315
1.79531681537628
-1.75553786754608
-3.15662425756454
3.11570072174072
-2.89324140548706
2.84539580345154
-3.0927449464798
2.79775166511536
-2.87899681925774
2.99970316886902
-3.15767902135849
2.94808340072632
-1.37306571006775
1.58230686187744
-1.6823867559433
1.68412709236145
-1.42186769843102
1.69108319282532
-1.40670466423035
-1.41384154558182
1.48154425621033
1.56098568439484
 
Time Taken
5267.1046
4877.9551
4599.4451
3855.382
4266.0047
4255.574
3654.8704
3722.6179
4999.6033
3644.8136
4215.0544
4011.544
4677.6393
4055.653
4355.3185
5032.327
3967.9049
3733.779
4011.1467
4188.8033
4620.253
4724.9853
3833.3372
3786.1085
4456.0425
3444.671
3699.715
3788.7356
3510.6643
4177.6585
3666.4455
 
Accuracy
0.00488203763961792
0.00156545639038086
-0.00181645154953003
0.00449705123901367
0.00436347723007202
0.00202262401580811
-0.000371456146240234
-0.00285577774047852
0.00264835357666016
0.0106213092803955
-0.00112229585647583
0.00240802764892578
0.0112254619598389
-0.00128269195556641
0.00839221477508545
-0.00197577476501465
-0.000268906354904175
-0.0152149200439453
0.00215917825698853
-0.00366759300231934
0.00551855564117432
8.83340835571289E-05
-0.00707840919494629
0.00243985652923584
0.00182285904884338
0.00455093383789063
-0.00322389602661133
-0.00427180528640747
0.00678896903991699
0.00559043884277344
0.00279593467712402
