2022-03-29T16:31:40Z
 
Distance to Knob
-1.36556810047477
0.216650427319109
-1.45865791942924
0.223029316402972
-1.20066124107689
0.48587101791054
-0.917609750293195
-2.32717949058861
-0.852424203418195
0.702971042133868
2.85671848151833
1.03516596648842
2.91103595588356
0.857242525555193
-1.15865713264793
0.671875060535967
-1.26162356045097
0.882088244892657
2.67475670669228
0.908597529865801
-2.24690443184227
0.866388262249529
-2.03807860519737
0.808599890209734
-2.29253727104515
0.507190168835223
-2.37153774406761
0.643380344845355
-2.51645785477012
0.435293138958514
 
Time Taken
2157.2426
400.4174
208.6345
300.1516
300.0673
199.2756
200.6655
233.6948
333.0675
288.2151
255.3404
265.8523
833.7664
306.0868
214.6472
245.0428
189.0164
352.5731
198.1786
197.5806
200.5253
199.5096
200.0362
200.0032
199.6141
200.9366
199.3923
199.6814
287.7954
1278.2227
699.0102
 
Accuracy
0.0130161652341485
-1.36556810047477
0.216650427319109
-1.45865791942924
0.223029316402972
-1.20066124107689
0.48587101791054
-0.917609750293195
-2.32717949058861
-0.852424203418195
0.702971042133868
2.85671848151833
1.03516596648842
2.91103595588356
0.857242525555193
-1.15865713264793
0.671875060535967
-1.26162356045097
0.882088244892657
2.67475670669228
0.908597529865801
-2.24690443184227
0.866388262249529
-2.03807860519737
0.808599890209734
-2.29253727104515
0.507190168835223
-2.37153774406761
0.643380344845355
-2.51645785477012
0.435293138958514
