2022-03-02T13:59:10Z
 
Distance to Knob
-1.35078614763916
1.5714635848999
-1.7218000292778
1.65513038635254
-1.4322819262743
1.69890356063843
-1.40369561314583
-1.4139249920845
1.43533396720886
1.58412146568298
2.16084313392639
-1.79755687713623
1.92315346002579
-2.02730512619019
-1.98328047990799
1.83789646625519
-1.92806714773178
2.10400545597076
1.79867613315582
-1.77023470401764
-3.19063329696655
3.07153177261353
-2.92455273866653
2.79528844356537
-3.12090826034546
2.78019165992737
-2.86906072497368
3.01464557647705
-3.15019434690475
2.92623496055603
 
Time Taken
2720.6376
2976.9964
3189.4275
3365.9199
3321.4691
2955.3838
2611.922
2411.1996
4855.4618
2887.7231
5545.387
6711.8742
3430.5949
3587.0766
4100.4154
6163.1447
3421.3129
3445.8425
3688.1576
3765.7891
3012.9635
5432.9476
4517.8831
3410.3159
4011.4781
3645.7151
3365.5032
5488.2599
3710.6816
3622.7505
2966.5899
 
Accuracy
0.027798118069768
-0.0107549428939819
-0.0464916825294495
-0.0265568494796753
-0.00859136879444122
0.012371301651001
-0.000214844942092896
-0.00435525178909302
-0.0394213199615479
0.0287262201309204
0.00709569454193115
0.0239956378936768
0.0472834706306458
0.0264883041381836
0.0326191782951355
0.00736427307128906
0.00543147325515747
-0.0397063493728638
0.00600767135620117
-0.00407552719116211
-0.0351313352584839
-0.0417609214782715
-0.020085871219635
-0.0513900518417358
-0.0197710990905762
-0.0195357799530029
0.00966718792915344
-0.000272512435913086
0.00964385271072388
-0.0255160331726074
-0.00810286402702332
