2022-03-03T12:19:35Z
 
Distance to Knob
1.46738398075104
-1.40140175819397
0.692207962274551
-2.48088648915291
0.298533454537392
-1.98810297250748
0.608217597007751
-0.32474160194397
2.09929490089417
-0.550597488880157
1.58996087312698
-0.817679768428206
-1.38547855615616
1.63362812995911
1.74077969789505
2.36289954185486
-1.68570065498352
1.83051300048828
-2.06589722633362
-1.92434453964233
2.03049945831299
-1.96102976799011
2.26059699058533
1.60748994350433
-0.910960555076599
-3.09875732660294
1.51580405235291
-2.81702220439911
-0.921478629112244
-3.88673937320709
 
Time Taken
917.9753
942.9999
850.0286
10264.9689
1714.002
1546.0016
692.0275
860.9702
4356.0028
2261.9999
1331.0223
1605.0078
1445.9978
1471.9705
1102.9996
1155.0008
1949.0293
9579.987
1418.9825
1904.0251
1638.9752
1891.0287
28058.0005
1478.97
2468.9988
1054.0035
1259.9988
1333.0014
324.9994
312.9998
613.0235
 
Accuracy
-1.33234345912933
1.47732615470886
-2.32271012663841
0.67895171046257
-2.65321753919125
-0.609518706798553
-0.974000930786133
1.35056674480438
0.417607665061951
0.873093068599701
-0.0965713858604431
0.585800999775529
0.0240911841392517
0.158872842788696
0.185384452342987
0.309106230735779
0.135851860046387
-0.0253570079803467
-0.012103796005249
0.091555118560791
0.199967265129089
-0.0275311470031738
0.116885185241699
-0.185178518295288
0.855198621749878
0.0567446351051331
-1.59748864173889
0.0874446630477905
-3.76815712451935
-0.785602211952209
-1.81545254588127
