2022-03-08T13:49:54Z
 
Distance to Knob
2.80626368522644
-2.88610015809536
3.02199149131775
-3.16689667105675
2.9663507938385
-1.37831611931324
1.58586502075195
-1.67687758803368
1.68172347545624
-1.42550903558731
1.68938267230988
-1.41421037912369
-1.40867698192596
1.48780965805054
1.55519241094589
2.05137801170349
-1.82820510864258
1.84708321094513
-2.06589722633362
-2.02045220136642
1.83496999740601
-1.93451732397079
2.14129090309143
1.78644913434982
-1.78918612003326
-3.16172444820404
3.11980867385864
-2.90981590747833
2.84992051124573
-3.10462146997452
 
Time Taken
8877.88
4222.969
4822.2533
4154.4355
3722.9295
5499.8087
3342.353
4120.8532
4183.9681
2901.011
5133.0078
3077.7146
2511.8993
5187.5745
7078.5893
3429.2978
5533.1297
4287.9309
2988.9642
4843.8863
3745.0423
3733.3427
7632.5626
4411.0673
3511.1697
4467.4433
3900.2754
5576.4809
3867.0847
4365.5932
5054.4792
 
Accuracy
0.00653624534606934
-0.00737224519252777
0.00707340240478516
-0.00705847144126892
0.0145998001098633
0.000268146395683289
0.00364649295806885
-0.0015692412853241
3.62396240234375E-05
-0.00181847810745239
0.00285041332244873
-0.0107296109199524
0.000892758369445801
0.013054370880127
-0.000202834606170654
-0.00241529941558838
-0.0066525936126709
-0.00878679752349854
-0.012103796005249
-0.00455254316329956
0.00443780422210693
-0.0010187029838562
-0.00242090225219727
-0.00621932744979858
-0.0230269432067871
-0.00622248649597168
0.0065159797668457
-0.00534904003143311
0.00324201583862305
-0.00348430871963501
0.000651836395263672
