2022-03-14T18:14:07Z
 
Distance to Knob
2.79632163047791
-2.87615798413754
3.02861952781677
-3.15695449709892
2.9729790687561
-1.3551177084446
1.58586502075195
-1.68019166588783
1.68835163116455
-1.42219498753548
1.68938267230988
-1.39764010906219
-1.40867698192596
1.47786736488342
1.56182050704956
2.06132018566132
-1.8414614200592
1.87028169631958
-2.0559549331665
-2.0105100274086
1.83496999740601
-1.92788916826248
2.15786111354828
1.78976321220398
-1.7659877538681
-3.14184010028839
3.12312269210815
-2.90981590747833
2.85654854774475
-3.09799337387085
 
Time Taken
6543.8304
3366.0539
3444.4608
3099.7811
3055.4707
3278.7636
2333.3669
3011.7773
2690.3881
2576.9509
2922.2599
3343.3141
2832.3348
3056.1546
2188.1702
2932.2795
3633.207
3545.8391
3399.1933
3977.5738
3254.7987
3433.3865
2921.2178
2454.4365
3123.3663
3210.4762
3044.2137
2489.4405
2856.0356
3422.1945
3265.7518
 
Accuracy
-0.00340580940246582
0.00256992876529694
0.0137014389038086
0.00288370251655579
0.0212280750274658
0.023466557264328
0.00364649295806885
-0.00488331913948059
0.00666439533233643
0.00149556994438171
0.00285041332244873
0.00584065914154053
0.000892758369445801
0.0031120777130127
0.00642526149749756
0.00752687454223633
-0.0199089050292969
0.0144116878509521
-0.00216150283813477
0.00538963079452515
0.00443780422210693
0.00560945272445679
0.0141493082046509
-0.00290524959564209
0.000171422958374023
0.0136618614196777
0.00982999801635742
-0.00534904003143311
0.00987005233764648
0.0031437873840332
0.0271642208099365
