2022-03-08T14:06:15Z
 
Distance to Knob
-1.37376324320212
1.58706021308899
-1.67439247667789
1.68389451503754
-1.41784071922302
1.69291687011719
-1.39589336514473
-1.41195505857468
1.48143267631531
1.55855453014374
2.14526444673538
-1.82452464103699
1.87304091453552
-2.05064177513123
-2.01565128564835
1.8337424993515
-1.93750005960464
2.14462101459503
1.78231966495514
-1.76394641399384
-3.15170848369598
3.12481594085693
-2.90405917167664
2.85647892951965
-3.0978507399559
2.81085228919983
-2.87396124005318
3.0182089805603
-3.15389180183411
2.95006203651428
 
Time Taken
10732.7771
12300.2392
5688.6567
7121.5143
10189.2355
4344.8474
12010.5101
6789.2518
7277.1378
3144.0538
6790.0859
6721.416
9122.6703
23635.168
7844.7431
5766.6363
7822.2537
6521.1674
6907.8405
7445.2412
9457.3172
9708.7201
7400.4559
4887.9209
4856.3179
6920.9183
8121.76
15868.264
9944.1227
11899.3889
9055.1931
 
Accuracy
0.00482102250680327
0.00484168529510498
0.000915870070457459
0.00220727920532227
0.00584983825683594
0.00638461112976074
0.00758740305900574
-0.00238531827926636
0.00667738914489746
0.0031592845916748
-0.00848299264907837
-0.00297212600708008
-0.00282907485961914
0.00315165519714355
0.000248372554779053
0.00321030616760254
-0.0040014386177063
0.000909209251403809
-0.0103487968444824
0.0022127628326416
0.00379347801208496
0.0115232467651367
0.000407695770263672
0.00980043411254883
0.00328642129898071
0.011124849319458
0.00476667284965515
0.00329089164733887
0.00594639778137207
-0.00168895721435547
0.00670590996742249
