2022-03-12T16:34:56Z
 
Distance to Knob
2.80294966697693
-2.87284392118454
3.01867723464966
-3.16026857495308
2.95309472084045
-1.37831611931324
1.58917903900146
-1.67356353998184
1.68503749370575
-1.41888090968132
1.68938267230988
-1.40095412731171
-1.40204882621765
1.47455334663391
1.56182050704956
2.05469208955765
-1.81826281547546
1.85702538490295
-2.0559549331665
-2.0105100274086
1.8316558599472
-1.92788916826248
2.14460492134094
1.78976321220398
-1.7659877538681
-3.15178227424622
3.11318039894104
-2.90318775177002
2.84329223632813
-3.09799337387085
 
Time Taken
2854.378
3177.9277
2598.8821
2590.1487
2944.112
2488.8891
2222.9334
2666.934
2542.1866
2879.5999
1810.5696
3209.8951
1822.7749
1968.0708
2854.7752
2421.694
2656.3768
2933.8954
2454.8919
2599.62
2656.0537
2165.9781
1766.6555
2223.1992
2532.1939
2421.9636
2965.9412
2966.6425
2812.5884
2643.4179
2921.7172
 
Accuracy
0.00322222709655762
0.00588399171829224
0.00375914573669434
-0.000430375337600708
0.00134372711181641
0.000268146395683289
0.00696051120758057
0.00174480676651001
0.00335025787353516
0.00480964779853821
0.00285041332244873
0.00252664089202881
0.00752091407775879
-0.000201940536499023
0.00642526149749756
0.000898778438568115
0.00328969955444336
0.00115537643432617
-0.00216150283813477
0.00538963079452515
0.00112366676330566
0.00560945272445679
0.000893115997314453
-0.00290524959564209
0.000171422958374023
0.00371968746185303
-0.000112295150756836
0.00127911567687988
-0.00338625907897949
0.0031437873840332
0.000651836395263672
