2022-03-02T13:55:21Z
 
Distance to Knob
2.168836414814
-1.81006121635437
1.8953817486763
-2.04839134216309
-2.01389437913895
1.82862675189972
-1.92910748720169
2.14113330841064
1.79910057783127
-1.7655645608902
-3.15066581964493
3.10147547721863
-2.90066885948181
2.85202217102051
-3.0964492559433
2.79472684860229
-2.873032361269
3.0302882194519
-3.13703149557114
2.94155740737915
-1.39030131697655
1.59519553184509
-1.66902592778206
1.68195462226868
-1.41830885410309
1.68437469005585
-1.40453481674194
-1.41535800695419
1.47657632827759
1.5693479180336
 
Time Taken
3675.91
3679.1134
3554.89
3545.0488
3420.5719
3890.5931
2962.4288
2956.3717
3199.6643
3421.3166
3166.8043
3966.3614
3478.3158
3667.3095
3076.2166
3373.1921
3653.4554
3155.0515
3644.6606
3609.7308
3656.749
2833.1726
2974.2629
2777.208
3178.7284
2484.4766
2710.9716
2855.4616
2967.2902
2900.3329
2965.9122
 
Accuracy
0.0150890946388245
0.0114912986755371
0.0195115208625793
0.0054020881652832
0.00200527906417847
-0.00190544128417969
0.0043911337852478
-0.0025784969329834
0.00643211603164673
0.000594615936279297
0.00483614206314087
-0.0118172168731689
0.00379800796508789
0.00534367561340332
0.00468790531158447
-0.00500059127807617
0.00569555163383484
0.0153701305389404
0.022806704044342
-0.0101935863494873
-0.0117170512676239
0.0129770040512085
0.00628241896629334
0.000267386436462402
0.00538170337677002
-0.00215756893157959
-0.00105404853820801
-0.00578826665878296
0.00182104110717773
0.0139526724815369
-0.0130658745765686
