2022-03-10T16:25:30Z
 
Distance to Knob
-1.38759003113955
1.58481752872467
-1.69260914623737
1.68507277965546
-1.42592459917068
1.69824147224426
-1.40287306904793
-1.41701847314835
1.47632050514221
1.56277751922607
2.17066049575806
-1.7947793006897
1.88315880298615
-2.02535462379456
-2.003702044487
1.8242723941803
-1.91931217908859
2.14679312705994
1.81354999542236
-1.74731314182281
-3.14632666110992
3.0917809009552
-2.92151486873627
2.81536173820496
-3.11958009004593
2.78968262672424
-2.87651279568672
3.02728223800659
-3.15967744588852
2.95057201385498
 
Time Taken
3689.2515
3080.5308
4792.3193
4113.3963
4110.0462
2188.8364
5841.838
5055.6001
2975.4645
3496.2454
4444.4867
4868.5572
5953.7698
10289.1934
4917.8986
8600.0575
5677.3401
4598.9178
5112.5411
3688.6915
4455.3507
6089.839
5043.4868
4322.4357
5533.3751
7076.6773
5300.9751
5155.6378
4434.0328
4452.6456
5313.1085
 
Accuracy
-0.00900576543062925
0.00259900093078613
-0.0173007994890213
0.00338554382324219
-0.00223404169082642
0.0117092132568359
0.000607699155807495
-0.00744873285293579
0.00156521797180176
0.00738227367401123
0.0169130563735962
0.02677321434021
0.00728881359100342
0.0284388065338135
0.0121976137161255
-0.00625979900360107
0.0141864418983459
0.00308132171630859
0.0208815336227417
0.0188460350036621
0.00917530059814453
-0.0215117931365967
-0.0170480012893677
-0.0313167572021484
-0.0184429287910461
-0.0100448131561279
0.00221511721611023
0.0123641490936279
0.000160753726959229
-0.00117897987365723
0.0163295865058899
