2022-03-01T16:54:12Z
 
Distance to Knob
2.81951999664307
-3.00209221243858
3.02199149131775
-3.23980596661568
2.96303677558899
-1.44128324091434
1.57923686504364
-1.7796134352684
1.97667467594147
-1.39568251371384
1.97439169883728
-1.3777557015419
-1.33576762676239
1.5905454158783
1.57176268100739
1.87573289871216
-1.86797380447388
2.10889393091202
-2.05926918983459
-1.99725383520126
1.94101989269257
-1.95771569013596
2.13466274738312
1.87261468172073
-1.59697091579437
-2.99933558702469
2.94416332244873
-3.05232036113739
2.81346583366394
-3.25044006109238
 
Time Taken
1347.0239
999.9787
1261.9993
1178.9983
1263.7978
1329.0272
1100.9723
770.9996
777.0013
693.0042
783.6474
766.0034
2204.996
1459.999
1310.5765
1187.9994
1587.0303
1385.5943
774.999
695.9995
990.9992
799.0007
875.5488
788.0001
703.9987
755.0014
1012.0247
848.873
1086.7849
816.9971
811.0019
 
Accuracy
0.0197925567626953
-0.123364299535751
0.00707340240478516
-0.0799677670001984
0.0112857818603516
-0.0626989752054214
-0.00298166275024414
-0.10430508852005
0.294987440109253
0.0280080437660217
0.287859439849854
0.0257250666618347
0.07380211353302
0.115790128707886
0.0163674354553223
-0.178060412406921
-0.0464212894439697
0.25302392244339
-0.00547575950622559
0.0186458230018616
0.110487699508667
-0.0242170691490173
-0.00904905796051025
0.0799462199211121
0.169188261032104
0.15616637468338
-0.169129371643066
-0.147853493690491
-0.0332126617431641
-0.149302899837494
-0.165051221847534
