2022-03-01T16:50:56Z
 
Distance to Knob
2.82614803314209
-3.07500150799751
3.00873517990112
-3.18678104877472
2.94315242767334
-1.34517553448677
1.62894773483276
-1.59734016656876
1.72149217128754
-1.40562468767166
1.34472048282623
-1.40426820516586
-1.42856132984161
1.49112367630005
1.58170485496521
2.05137801170349
-1.81163477897644
1.82388484477997
-2.06589722633362
-2.0105100274086
1.85485434532166
-1.94114542007446
2.12472057342529
1.78976321220398
-1.74610340595245
-3.16835260391235
3.12975072860718
-2.916444003582
2.84992051124573
-3.09467929601669
 
Time Taken
2267.7418
2281.9992
4893.9388
2213.9693
2377.6836
2915.9993
1717.9993
1527.5099
1587.9981
1558.0873
2265.4801
1950.1087
2400.7849
2502.9986
2212.6942
1449.0267
2226.973
1867.6822
2000.0249
1360.979
1767.4116
1326.0241
1492.7432
1418.9987
1368.0311
1423.9684
2386.2696
1997.6326
1513.0255
1891.9773
2224.5606
 
Accuracy
0.0264205932617188
-0.196273595094681
-0.00618290901184082
-0.0269428491592407
-0.00859856605529785
0.0334087312221527
0.0467292070388794
0.0779681801795959
0.0398049354553223
0.018065869808197
-0.341811776161194
-0.000787436962127686
-0.0189915895462036
0.0163683891296387
0.026309609413147
-0.00241529941558838
0.0099177360534668
-0.0319851636886597
-0.012103796005249
0.00538963079452515
0.0243221521377563
-0.00764679908752441
-0.018991231918335
-0.00290524959564209
0.0200557708740234
-0.0128506422042847
0.0164580345153809
-0.0119771361351013
0.00324201583862305
0.0064578652381897
0.00396585464477539
