2022-03-07T14:14:09Z
 
Distance to Knob
2.15842732787132
-1.79872894287109
1.88653188943863
-2.0572350025177
-2.01488226652145
1.84167146682739
-1.93025541305542
2.16258835792542
1.80413293838501
-1.76163971424103
-3.16329860687256
3.10498118400574
-2.91992825269699
2.86171174049377
-3.08985114097595
2.8081521987915
-2.8700507581234
3.00272846221924
-3.15086203813553
2.94382572174072
-1.37321496009827
1.57910120487213
-1.68869587779045
1.68212473392487
-1.42684456706047
1.6885929107666
-1.40610307455063
-1.40975075960159
1.47381615638733
1.55872416496277
 
Time Taken
19477.8066
3988.7672
4599.9078
3210.1159
4122.8492
3866.0608
3153.9532
4001.5054
3822.8616
3155.114
3444.4186
5621.8546
4010.8404
6570.7145
3445.2285
3788.8467
4144.6988
3542.2764
3878.8315
3555.7841
4599.5241
2612.8208
2761.4388
3843.5791
3100.868
6010.7938
2944.3658
2933.3609
3521.873
4278.1601
3199.2466
 
Accuracy
0.00468000769615173
0.0228235721588135
0.0106616616249084
-0.00344157218933105
0.00101739168167114
0.0111392736434937
0.00324320793151855
0.0188765525817871
0.0114644765853882
0.00451946258544922
-0.00779664516448975
-0.00831151008605957
-0.0154613852500916
0.0150332450866699
0.0112860202789307
0.00842475891113281
0.0086771547794342
-0.0121896266937256
0.00897616147994995
-0.00792527198791504
0.00536930561065674
-0.00311732292175293
-0.013387531042099
0.000437498092651367
-0.00315400958061218
0.0020606517791748
-0.00262230634689331
-0.000181019306182861
-0.000939130783081055
0.00332891941070557
-0.00167226791381836
