2022-02-14T16:29:01Z
 
Distance to Knob
-1.69897841475904
1.54827620089054
-1.559809461236
1.48034656047821
-1.40552744269371
1.67523721046746
-1.41695900075138
-1.42109310626984
1.67628705501556
1.38599938154221
2.17692199349403
-1.75255453586578
2.04326283931732
-1.8102148771286
-1.86874610185623
2.13967341184616
-2.00511425733566
-1.7912403345108
1.90703701972961
1.83911311626434
-3.13763201236725
2.88882714509964
-2.86930096149445
3.1089870929718
-3.08813047409058
2.81661766767502
-2.93580621480942
3.15759825706482
-2.99479925632477
2.84986221790314
 
Time Taken
2811.2772
4044.6286
2654.2964
3301.3829
2665.4537
3056.2746
2689.0996
2755.6442
4344.558
3378.6842
3055.15
3077.7957
3087.195
2868.1754
3377.49
2654.6771
2700.1129
3090.8687
3163.3775
3221.6316
3078.1715
3865.8342
3469.1863
3365.6549
2933.1426
3233.0395
2922.9036
 
Accuracy
-0.00711905956268311
0.0224090814590454
0.00559127330780029
0.0181631147861481
-7.11679458618164E-05
-0.00738934800028801
-0.0176124572753906
-0.0102450847625732
0.00741517543792725
0.0136046409606934
-0.0105304718017578
0.0203173160552979
0.00712400674819946
-0.00403839349746704
0.0107854604721069
0.00142818689346313
-0.0264616012573242
0.017560601234436
-0.0156397819519043
0.00942701101303101
-0.00430560111999512
0.0130066871643066
0.016890287399292
0.0159449577331543
-0.00223994255065918
0.0201188325881958
0.00318360328674316
