2022-03-03T12:20:57Z
 
Distance to Knob
3.12772750854492
-2.64748791232705
3.26391768455505
-3.09398737549782
3.05583047866821
-1.29877870902419
1.81453502178192
-1.50786058604717
1.80102956295013
-1.2995747923851
1.52367967367172
-1.33467298746109
-1.59757828712463
1.64357042312622
1.01500079035759
2.01492339372635
-1.79837846755981
1.87359571456909
-2.06921124458313
-1.99725383520126
1.63281238079071
-2.23609668016434
2.16117525100708
1.88587093353271
-1.82564079761505
-2.68449997901917
3.54069399833679
-2.64469116926193
3.01230931282043
-2.83286863565445
 
Time Taken
1516.0037
2155.9986
1416.0007
1317.0016
1544.0013
1386.0054
2205.992
1101.0001
2465.0234
1716.004
1795.9709
1057.0003
1746.0262
1710.9747
2043.9978
1033.003
1397.997
1661.002
1174.0304
1736.97
1546.9995
1126.9995
1272.0017
1064.9986
2760.9987
2521.0031
1482.9979
1107.0005
1191.0243
806.9774
1150.9974
 
Accuracy
0.328000068664551
0.231240000575781
0.24899959564209
0.0658508241176605
0.104079484939575
0.0798055566847324
0.232316493988037
0.16744776070118
0.11934232711792
0.124115765094757
-0.162852585315704
0.0688077807426453
-0.188008546829224
0.168815135955811
-0.540394455194473
-0.0388699173927307
0.0231740474700928
0.0177257061004639
-0.0154178142547607
0.0186458230018616
-0.197719812393188
-0.302598059177399
0.0174634456634521
0.0932024717330933
-0.0594816207885742
0.471001982688904
0.427401304244995
0.259775698184967
0.16563081741333
0.268268525600433
-0.353952527046204
