2022-03-12T11:29:45Z
 
Distance to Knob
2.80626368522644
-2.87284392118454
3.02199149131775
-3.16026857495308
2.95640873908997
-1.37168800085783
1.58917903900146
-1.67687758803368
1.68172347545624
-1.41556686162949
1.68938267230988
-1.41089630126953
-1.40867698192596
1.47786736488342
1.56513458490372
2.05137801170349
-1.82157707214355
1.85371136665344
-2.05264091491699
-2.02045220136642
1.83496999740601
-1.93783134222031
2.14791893959045
1.78644913434982
-1.76930177211761
-3.15178227424622
3.12312269210815
-2.90318775177002
2.84992051124573
-3.10793554782867
 
Time Taken
3333.4718
3011.5447
2698.8484
2966.1879
4019.0055
3433.9123
2644.022
3221.6362
2577.7942
2545.0592
3744.2881
3379.2125
3353.9205
2952.5495
2489.4835
3077.0555
3377.4885
2766.7564
3576.3216
3857.0435
3443.5978
3377.8169
3788.6411
3988.9789
5511.0405
3977.849
2300.0903
2855.0032
3633.7783
3401.5651
2909.5785
 
Accuracy
0.00653624534606934
0.00588399171829224
0.00707340240478516
-0.000430375337600708
0.00465774536132813
0.00689626485109329
0.00696051120758057
-0.0015692412853241
3.62396240234375E-05
0.00812369585037231
0.00285041332244873
-0.0074155330657959
0.000892758369445801
0.0031120777130127
0.00973933935165405
-0.00241529941558838
-2.45571136474609E-05
-0.00215864181518555
0.00115251541137695
-0.00455254316329956
0.00443780422210693
-0.00433272123336792
0.00420713424682617
-0.00621932744979858
-0.0031425952911377
0.00371968746185303
0.00982999801635742
0.00127911567687988
0.00324201583862305
-0.0067983865737915
0.00727987289428711
