2022-03-02T12:52:18Z
 
Distance to Knob
2.84271836280823
-2.95238134264946
3.02861952781677
-3.15364044904709
2.95309472084045
-1.42802700400352
1.49638533592224
-1.86246490478516
1.62869846820831
-1.28300450742245
1.60653114318848
-1.30484640598297
-1.43518942594528
1.46129703521729
1.55850648880005
2.08451861143112
-1.79837846755981
2.07906740903854
-2.06589722633362
-2.18615520000458
1.85816836357117
-1.96434384584427
2.1280345916748
1.83284598588943
-1.76930177211761
-3.1484682559967
3.18608975410461
-2.90981590747833
2.80683755874634
-3.04496842622757
 
Time Taken
1582.1646
1234.1946
2041.361
1765.2771
1678.1146
1527.9103
1820.3627
1498.9581
1630.2885
1360.1695
1252.1757
1360.4708
1246.674
1286.6059
1343.9049
1303.3573
1757.393
1002.812
1205.2726
1315.5261
1324.0579
1429.9666
1472.2139
1239.2831
1144.3424
1195.9625
1199.2995
1388.7952
1479.1348
1453.0872
1349.2916
 
Accuracy
0.0429909229278564
-0.0736534297466278
0.0137014389038086
0.00619775056838989
0.00134372711181641
-0.0494427382946014
-0.0858331918716431
-0.187156558036804
-0.0529887676239014
0.140686050057411
-0.0800011157989502
0.0986343622207642
-0.0256196856498718
-0.013458251953125
0.00311124324798584
0.0307253003120422
0.0231740474700928
0.223197400569916
-0.012103796005249
-0.170255541801453
0.0276361703872681
-0.0308452248573303
-0.0156772136688232
0.0401775240898132
-0.0031425952911377
0.00703370571136475
0.0727970600128174
-0.00534904003143311
-0.0398409366607666
0.0561687350273132
-0.0324888229370117
