2022-03-12T14:15:46Z
 
Distance to Knob
2.15736109018326
-1.81439304351807
1.87551188468933
-2.05360198020935
-2.02021706104279
1.83008074760437
-1.93481740355492
2.14328706264496
1.78802156448364
-1.7686482667923
-3.1561045050621
3.114990234375
-2.90802210569382
2.84264659881592
-3.10534226894379
2.79589104652405
-2.87783381342888
3.02127909660339
-3.15878626704216
2.95147800445557
-1.37954914569855
1.57829487323761
-1.67676982283592
1.68345785140991
-1.41679275035858
1.68451863527298
-1.40105426311493
-1.40245252847672
1.47074365615845
1.54642111063004
 
Time Taken
7533.8047
9410.4295
5621.8907
6399.8494
10510.8758
6022.505
5666.5725
4578.0729
5145.1343
5289.2616
5165.3237
4933.6213
6756.043
5288.7272
6799.0038
6655.8323
4621.3366
4657.2506
8743.2275
4343.739
4834.7591
5720.8868
5567.2901
6390.5162
6587.2966
4721.9293
4777.011
4244.9044
5788.802
6299.3453
4987.5605
 
Accuracy
0.00361377000808716
0.00715947151184082
-0.000358343124389648
0.000191450119018555
-0.00431740283966064
-0.000451445579528809
-0.00131878256797791
-0.000424742698669434
-0.004646897315979
-0.00248908996582031
-0.000602543354034424
0.00169754028320313
-0.00355523824691772
-0.00403189659118652
-0.00420510768890381
-0.00383639335632324
0.000894099473953247
0.00636100769042969
0.00105193257331848
-0.000272989273071289
-0.000964879989624023
-0.00392365455627441
-0.00146147608757019
0.00177061557769775
0.00689780712127686
-0.00201362371444702
0.00242650508880615
0.00711721181869507
-0.00401163101196289
-0.00897413492202759
0.00298118591308594
