2022-03-14T14:56:50Z
 
Distance to Knob
-1.38099080347456
1.51372015476227
-1.7154645472765
1.69398260116577
-1.40740294754505
1.6615504026413
-1.44636607170105
-1.40872102975845
1.51406216621399
1.52555692195892
2.17991018295288
-1.75631642341614
1.94688010215759
-1.95012545585632
-1.96467638015747
1.77065742015839
-2.00276166200638
2.07991325855255
1.85011047124863
-1.75739419460297
-3.13398450613022
3.11741352081299
-2.8445662856102
2.84136176109314
-2.99329024553299
2.80825686454773
-2.79960840940475
2.98471999168396
-3.11664634943008
2.98515725135803
 
Time Taken
1879.305
1766.718
1876.0847
4189.9697
2265.3374
3688.8623
1922.172
1777.8742
2300.3794
2178.2097
1632.7964
6288.4158
2688.0457
5978.6877
2199.7847
1700.6196
3043.8125
1634.2166
2787.8836
2133.7584
5054.8972
5087.7325
2302.838
2565.5734
1687.8897
3233.8096
1699.8815
3966.3851
1777.5813
3468.1218
1865.9006
 
Accuracy
-0.00240653776563704
-0.0684983730316162
-0.0401562005281448
0.0122953653335571
0.0162876099348068
-0.0249818563461304
-0.0428853034973145
0.000848710536956787
0.0393068790435791
-0.0298383235931396
0.0261627435684204
0.0652360916137695
0.0710101127624512
0.103667974472046
0.0512232780456543
-0.0598747730255127
-0.0692630410194397
-0.0637985467910767
0.0574420094490051
0.00876498222351074
0.0215174555778503
0.00412082672119141
0.0599005818367004
-0.00531673431396484
0.107846915721893
0.0085294246673584
0.0791195034980774
-0.0301980972290039
0.0431918501853943
0.0334062576293945
0.0226903855800629
