2022-03-04T13:50:01Z
 
Distance to Knob
2.14088439941406
-1.82013249397278
1.87555873394012
-2.04559779167175
-2.02570480108261
1.82733464241028
-1.94090077280998
2.12466943264008
1.77335429191589
-1.76710760593414
-3.16329276561737
3.12800168991089
-2.90255290269852
2.85532283782959
-3.11390542984009
2.78139472007751
-2.87685319781303
3.02435803413391
-3.16051849722862
2.94144082069397
-1.40037235617638
1.5750538110733
-1.66202393174171
1.68755948543549
-1.39824745059013
1.70695686340332
-1.41500091552734
-1.40238565206528
1.47168612480164
1.56557619571686
 
Time Taken
2667.0772
3210.6247
2999.7075
3766.6947
3677.6967
3589.9414
3088.645
3289.3369
3733.57
3031.9481
3744.8612
5244.0564
4033.272
4089.9372
4243.2408
4034.1488
3288.8489
6188.3332
3665.6548
4000.2583
4033.0491
3367.1442
2989.1049
3177.404
2955.4634
2676.7576
3123.0788
2343.7065
2444.7326
2955.8398
3932.3286
 
Accuracy
-0.0128629207611084
0.00142002105712891
-0.000311493873596191
0.00819563865661621
-0.00980514287948608
-0.00319755077362061
-0.00740215182304382
-0.0190423727035522
-0.019314169883728
-0.000948429107666016
-0.00779080390930176
0.0147089958190918
0.00191396474838257
0.00864434242248535
-0.0127682685852051
-0.0183327198028564
0.00187471508979797
0.00943994522094727
-0.000680297613143921
-0.010310173034668
-0.021788090467453
-0.00716471672058105
0.0132844150066376
0.00587224960327148
0.0254431068897247
0.0204246044158936
-0.0115201473236084
0.00718408823013306
-0.00306916236877441
0.0101809501647949
0.0166751146316528
