2022-03-10T16:19:16Z
 
Distance to Knob
2.15400093793869
-1.81472730636597
1.87341719865799
-2.05320906639099
-2.0248184800148
1.8251119852066
-1.93921837210655
2.1343230009079
1.78755939006805
-1.76812875270844
-3.16198128461838
3.11490988731384
-2.90846490859985
2.83717322349548
-3.10102689266205
2.78649759292603
-2.88255825638771
2.99744439125061
-3.16145199537277
2.94697761535645
-1.38237558305264
1.58178627490997
-1.66589772701263
1.67503547668457
-1.41302827000618
1.68200433254242
-1.40851134061813
-1.39803475141525
1.47661900520325
1.56453055143356
 
Time Taken
3156.4404
3665.7137
2722.7898
3110.8483
3610.534
2632.7918
3323.8929
3866.3076
3688.0259
3644.9109
5432.4219
4420.8817
5567.7666
4712.2095
3965.1376
4976.8967
3801.6714
4088.369
3368.2584
3388.8621
4045.4426
3908.3734
3599.6692
2611.1309
5699.809
4499.8033
4523.1154
2599.0355
4078.6186
2621.5425
3433.8488
 
Accuracy
0.000253617763519287
0.00682520866394043
-0.0024530291557312
0.00058436393737793
-0.00891882181167603
-0.00542020797729492
-0.00571975111961365
-0.00938880443572998
-0.00510907173156738
-0.00196957588195801
-0.00647932291030884
0.0016171932220459
-0.0039980411529541
-0.00950527191162109
0.000110268592834473
-0.0132298469543457
-0.00383034348487854
-0.0174736976623535
-0.0016137957572937
-0.00477337837219238
-0.00379131734371185
-0.000432252883911133
0.00941061973571777
-0.00665175914764404
0.0106622874736786
-0.00452792644500732
-0.00503057241439819
0.0115349888801575
0.00186371803283691
0.00913530588150024
0.000458419322967529
