2022-03-11T17:35:53Z
 
Distance to Knob
-1.36072820238769
1.54192996025085
-1.66285599768162
1.67524838447571
-1.40365232527256
1.68909919261932
-1.3947072327137
-1.40273022651672
1.4397976398468
1.53464663028717
2.18375915288925
-1.77448654174805
1.90809386968613
-2.03353881835938
-1.99371725320816
1.84354650974274
-1.91506880521774
2.11105513572693
1.79969590902328
-1.72768533229828
-3.14619106054306
3.12222218513489
-2.89808773994446
2.84465050697327
-3.09158128499985
2.76345205307007
-2.8670366704464
2.98022079467773
-3.15622633695602
2.92348527908325
 
Time Taken
2489.8011
3466.388
4355.9259
3177.2488
2710.8542
2510.8993
2844.8246
3099.1526
3277.4149
2989.6806
3311.2061
4010.4454
3754.5013
8300.8165
3411.9768
3143.0124
3090.1035
3231.5208
2567.3132
5277.7879
3444.1689
11278.0691
5723.4505
6041.6234
3001.0592
3610.4773
2967.2652
3521.9369
3210.6706
3654.8468
2824.7898
 
Accuracy
0.0178560633212328
-0.0402885675430298
0.0124523490667343
-0.00643885135650635
0.0200382322072983
0.00256693363189697
0.00877353549003601
0.00683951377868652
-0.0349576473236084
-0.0207486152648926
0.0300117135047913
0.0470659732818604
0.0322238802909851
0.0202546119689941
0.0221824049949646
0.0130143165588379
0.0184298157691956
-0.0326566696166992
0.00702744722366333
0.0384738445281982
0.00931090116500854
0.00892949104309082
0.00637912750244141
-0.00202798843383789
0.0095558762550354
-0.0362753868103027
0.0116912424564362
-0.0346972942352295
0.00361186265945435
-0.0282657146453857
0.0284889340400696
