2022-03-29T16:32:54Z
 
Distance to Knob
-0.753035485744476
-3.63176339864731
-0.616845309734344
-3.77668350934982
-0.824932515621185
-2.20351678133011
-0.621298253536224
-2.29660660028458
-0.614919364452362
-2.03860992193222
-0.352077662944794
-1.75555843114853
-3.16512817144394
-1.69037288427353
-0.134977638721466
1.91881567239761
0.0972631573677063
1.95313316583633
-0.100660264492035
-2.11655992269516
-0.286027729511261
-2.2195263504982
-0.0758145451545715
1.71685391664505
-0.049305260181427
-3.2048072218895
-0.091514527797699
-2.9959813952446
-0.149302899837494
-3.25044006109238
 
Time Taken
465.1964
233.9993
200.519
332.2458
222.5215
244.1093
201.2327
232.0162
212.0338
199.5219
200.0455
222.0963
299.9974
288.7471
287.9397
200.9569
200.8455
232.0103
322.0561
411.0953
277.6284
289.072
299.9959
322.0884
321.5209
311.4985
345.2981
321.6329
343.8874
457.1723
398.6157
 
Accuracy
-3.55276292562485
-0.753035485744476
-3.63176339864731
-0.616845309734344
-3.77668350934982
-0.824932515621185
-2.20351678133011
-0.621298253536224
-2.29660660028458
-0.614919364452362
-2.03860992193222
-0.352077662944794
-1.75555843114853
-3.16512817144394
-1.69037288427353
-0.134977638721466
1.91881567239761
0.0972631573677063
1.95313316583633
-0.100660264492035
-2.11655992269516
-0.286027729511261
-2.2195263504982
-0.0758145451545715
1.71685391664505
-0.049305260181427
-3.2048072218895
-0.091514527797699
-2.9959813952446
-0.149302899837494
-3.25044006109238
