2022-03-18T14:51:32Z
 
Distance to Knob
2.15601995587349
-1.81335616111755
1.87532180547714
-2.03249549865723
-2.01455336809158
1.83290660381317
-1.9260538816452
2.13946270942688
1.78285348415375
-1.76091158390045
-3.15772926807404
3.11665225028992
-2.90016597509384
2.84619808197021
-3.10277307033539
2.78611397743225
-2.87194427847862
3.01561117172241
-3.16173577308655
2.95306515693665
-1.37630158662796
1.58725106716156
-1.67562031745911
1.68423020839691
-1.42828652262688
1.68692278862
-1.40616983175278
-1.41528755426407
1.46988463401794
1.55764573812485
 
Time Taken
3431.8998
2511.6728
2377.5214
2367.1974
2690.4775
2754.1859
2721.5325
2633.4051
2277.1595
2867.8522
3075.8542
3522.5363
3067.2854
2845.0807
3499.9968
3344.2842
3132.7626
2732.4592
3389.7008
3044.8262
3176.3975
2501.4503
4022.1938
2709.26
2366.6252
2646.0057
3578.5081
2220.3437
3712.5107
2778.0231
2621.8204
 
Accuracy
0.00227263569831848
0.00819635391235352
-0.000548422336578369
0.0212979316711426
0.00134629011154175
0.00237441062927246
0.00744473934173584
-0.00424909591674805
-0.00981497764587402
0.00524759292602539
-0.0022273063659668
0.00335955619812012
0.00430089235305786
-0.000480413436889648
-0.00163590908050537
-0.0136134624481201
0.00678363442420959
0.000693082809448242
-0.00189757347106934
0.00131416320800781
0.00228267908096313
0.00503253936767578
-0.000311970710754395
0.00254297256469727
-0.00459596514701843
0.000390529632568359
-0.00268906354904175
-0.00571781396865845
-0.00487065315246582
0.00225049257278442
-0.000763833522796631
