2022-03-15T14:49:43Z
 
Distance to Knob
2.79632163047791
-2.87947203218937
3.02530550956726
-3.16026857495308
2.96303677558899
-1.37168800085783
1.59912121295929
-1.66030728816986
1.68503749370575
-1.42882308363914
1.70595288276672
-1.38438385725021
-1.37885040044785
1.48449563980103
1.55187833309174
2.06132018566132
-1.83151912689209
1.86696767807007
-2.06921124458313
-2.02045220136642
1.82502782344818
-1.92126107215881
2.14791893959045
1.78644913434982
-1.77261602878571
-3.15841042995453
3.15957736968994
-2.90650182962418
2.83335018157959
-3.0781090259552
 
Time Taken
2056.7598
2098.6767
2211.5719
2332.6787
2255.9327
2309.7364
2055.6674
2433.5774
2077.0557
1845.0873
2432.5021
1878.3892
2166.2399
2589.1085
1921.8787
2190.3681
2420.6567
2821.4967
1791.6223
2843.0378
2243.7581
2255.5346
2723.0225
2132.2029
1878.6699
2111.1333
3878.4228
2032.9591
2289.4576
2009.4661
2277.6067
 
Accuracy
-0.00340580940246582
-0.00074411928653717
0.0103874206542969
-0.000430375337600708
0.0112857818603516
0.00689626485109329
0.0169026851654053
0.0150010585784912
0.00335025787353516
-0.0051325261592865
0.0194206237792969
0.0190969109535217
0.0307193398475647
0.00974035263061523
-0.00351691246032715
0.00752687454223633
-0.00996661186218262
0.0110976696014404
-0.0154178142547607
-0.00455254316329956
-0.00550436973571777
0.012237548828125
0.00420713424682617
-0.00621932744979858
-0.00645685195922852
-0.00290846824645996
0.0462846755981445
-0.00203496217727661
-0.0133283138275146
0.0230281352996826
0.0105938911437988
