2022-03-18T17:38:47Z
 
Distance to Knob
2.81620597839355
-2.87947203218937
3.01204919815063
-3.15364044904709
2.94646644592285
-1.37168800085783
1.58917903900146
-1.67024949193001
1.68172347545624
-1.42219498753548
1.6960107088089
-1.39764010906219
-1.39873474836349
1.4712393283844
1.54856425523758
2.07126235961914
-1.81163477897644
1.84376919269562
-2.04932689666748
-2.0105100274086
1.83496999740601
-1.94777351617813
2.15123307704926
1.7997053861618
-1.77261602878571
-3.17166662216187
3.11318039894104
-2.90981590747833
2.85323452949524
-3.10793554782867
 
Time Taken
11820.987
3289.3599
2901.2028
5432.1242
4421.7969
3787.4661
4378.1384
2854.3472
2679.3622
4610.72
3922.1659
3343.0657
2611.1972
2678.3645
2355.1087
3078.3495
3366.7885
2844.4948
2622.6339
2431.8723
3300.1995
2965.0335
2989.7766
2677.4016
2209.6414
2466.9252
2599.428
2967.7617
3165.2729
2622.4817
4812.1033
 
Accuracy
0.0164785385131836
-0.00074411928653717
-0.0028688907623291
0.00619775056838989
-0.00528454780578613
0.00689626485109329
0.00696051120758057
0.00505885481834412
3.62396240234375E-05
0.00149556994438171
0.00947844982147217
0.00584065914154053
0.0108349919319153
-0.00351595878601074
-0.00683099031448364
0.017469048500061
0.0099177360534668
-0.0121008157730103
0.00446653366088867
0.00538963079452515
0.00443780422210693
-0.0142748951911926
0.00752127170562744
0.00703692436218262
-0.00645685195922852
-0.0161646604537964
-0.000112295150756836
-0.00534904003143311
0.00655603408813477
-0.0067983865737915
0.00396585464477539
