2022-03-17T14:57:32Z
 
Distance to Knob
2.14381259679794
-1.82454967498779
1.87381893396378
-2.05752229690552
-2.01164162158966
1.81936407089233
-1.94739148020744
2.14693331718445
1.79360061883926
-1.77274668216705
-3.14519435167313
3.12032580375671
-2.89430516958237
2.83882832527161
-3.09926062822342
2.78968381881714
-2.88318821787834
3.00563144683838
-3.15002292394638
2.94781589508057
-1.38973684608936
1.5921071767807
-1.69086226820946
1.68164145946503
-1.42441812157631
1.67151868343353
-1.39873367547989
-1.41828668117523
1.47368288040161
1.54676896333694
 
Time Taken
3711.6363
3043.2947
2788.6247
2511.4428
2768.3066
2731.4062
3566.854
2711.4629
3533.9841
3132.5092
2900.317
3388.9351
3644.3006
3633.3057
3366.1818
3110.5935
2611.3396
2533.1494
4388.8785
2855.1267
2866.7042
2700.6092
2689.1573
2999.2171
2201.1409
4277.4556
3144.026
3166.8087
3233.0289
4544.4943
2432.7946
 
Accuracy
-0.00993472337722778
-0.00299715995788574
-0.00205129384994507
-0.00372886657714844
0.00425803661346436
-0.0111681222915649
-0.0138928592205048
0.00322151184082031
0.000932157039642334
-0.00658750534057617
0.0103076100349426
0.00703310966491699
0.0101616978645325
-0.00785017013549805
0.00187653303146362
-0.0100436210632324
-0.00446030497550964
-0.00928664207458496
0.0098152756690979
-0.00393509864807129
-0.0111525803804398
0.00988864898681641
-0.0155539214611053
-4.57763671875E-05
-0.000727564096450806
-0.015013575553894
0.00474709272384644
-0.00871694087982178
-0.00107240676879883
-0.00862628221511841
-0.00979304313659668
