2022-03-01T16:46:12Z
 
Distance to Knob
2.82614803314209
-2.86290174722672
3.0816445350647
-3.19340914487839
3.00280547142029
-1.38163018226624
1.57260870933533
-1.68019166588783
1.68503749370575
-1.41888090968132
1.71258103847504
-1.40758228302002
-1.40204882621765
1.46792531013489
1.51873773336411
2.07126235961914
-1.80832076072693
1.84045517444611
-2.06258320808411
-1.99062567949295
1.74549043178558
-0.188008189201355
1.95570361614227
3.74837207794189
1.98221290111542
-1.17328906059265
1.94000363349915
-0.964463233947754
1.88221526145935
-1.21892189979553
 
Time Taken
1445.5732
1717.0014
1735.0015
2165.6006
1936.0002
1987.8069
1657.0922
1510.9989
2089.0274
2008.4458
1602.0226
1916.5331
2092.0015
5386.0557
2110
1613.0018
2005.6031
1225.9982
1218.0024
143632.9297
9147.9587
841.3032
786.9976
764.0003
746.6824
740.9971
711.9991
695.0037
680.9996
675.9977
699.0016
 
Accuracy
0.0264205932617188
0.0158261656761169
0.0667264461517334
-0.0335709452629089
0.0510544776916504
-0.00304591655731201
-0.00960981845855713
-0.00488331913948059
0.00335025787353516
0.00480964779853821
0.0260487794876099
-0.00410151481628418
0.00752091407775879
-0.00682997703552246
-0.0366575121879578
0.017469048500061
0.0132317543029785
-0.015414834022522
-0.0087897777557373
0.0252739787101746
-0.0850417613983154
1.74549043178558
-0.188008189201355
1.95570361614227
3.74837207794189
1.98221290111542
-1.17328906059265
1.94000363349915
-0.964463233947754
1.88221526145935
-1.21892189979553
