2022-03-08T14:41:52Z
 
Distance to Knob
2.80957794189453
-2.86290174722672
3.03193354606628
-3.15032640099525
2.95309472084045
-1.37500206381083
1.58255088329315
-1.66362136602402
1.68172347545624
-1.41225281357765
1.69269669055939
-1.40758228302002
-1.40536290407181
1.49112367630005
1.56513458490372
2.04474991559982
-1.82820510864258
1.86033952236176
-2.06589722633362
-2.01382410526276
1.82834184169769
-1.94114542007446
2.15454709529877
1.76987886428833
-1.79581439495087
-3.1650385260582
3.11649441719055
-2.88993149995804
2.85323452949524
-3.09799337387085
 
Time Taken
6331.6429
5734.6137
2177.4628
2189.6279
2044.062
2578.9316
3167.9849
2032.911
2542.1219
1644.9313
2054.4342
2123.9357
2565.3581
2222.2552
2133.2017
2054.8285
2910.9197
2355.6705
2091.5206
2242.0506
1967.7555
1711.3356
1965.9988
1621.0644
1889.4625
2745.1869
3066.0734
1855.548
1755.8217
2966.6918
4199.4876
 
Accuracy
0.00985050201416016
0.0158261656761169
0.0170154571533203
0.009511798620224
0.00134372711181641
0.00358220189809799
0.000332355499267578
0.0116869807243347
3.62396240234375E-05
0.0114377439022064
0.00616443157196045
-0.00410151481628418
0.00420683622360229
0.0163683891296387
0.00973933935165405
-0.00904339551925659
-0.0066525936126709
0.00446951389312744
-0.012103796005249
0.00207555294036865
-0.00219035148620605
-0.00764679908752441
0.0108352899551392
-0.0227895975112915
-0.0296552181243896
-0.00953656435012817
0.00320172309875488
0.0145353674888611
0.00655603408813477
0.0031437873840332
0.00396585464477539
