2022-01-23T16:37:41Z
 
Distance to Knob
-2.73552615940571
2.50941887497902
-3.26053559780121
2.46084010601044
-2.60991024971008
2.75086982548237
-2.49505752325058
-2.86921711266041
2.43664708733559
-3.31982776522636
2.16463495790958
1.58027493953705
-1.56377696990967
2.48558190464973
-1.48178446292877
-2.59194040298462
1.86632907390594
-2.4973818063736
1.16745281219482
1.82074612379074
-2.2432367503643
-1.73941856622696
-1.70978605747223
1.24236750602722
-1.60420477390289
1.23045372962952
-1.80061793327332
0.950889468193054
1.54183679819107
-1.63375240564346
-1.18860840797424
 
Time Taken
1054.6186
955.9434
833.2829
978.3131
745.2292
788.4754
655.3869
1823.3981
665.0057
1155.5264
932.6796
967.8117
722.5527
1132.3989
1032.1705
923.1737
820.3514
980.503
609.657
1234.2662
630.8763
923.8607
1567.0538
1253.6412
1323.8379
855.6037
1054.1855
645.2203
887.5578
924.1008
 
Accuracy
-0.121793672442436
-0.094620943069458
-0.570821046829224
-0.0295741558074951
-0.184132263064384
0.270974636077881
-0.304680004715919
-0.369085788726807
-0.404326975345612
-0.701655864715576
-0.603751048445702
0.016517162322998
0.330832272768021
0.0589375495910645
-0.342366099357605
-0.320155382156372
-0.305083632469177
-0.417798519134521
-0.142886817455292
0.0125765800476074
-0.396186619997025
-0.0868195295333862
-0.108314990997314
-0.255445599555969
-0.226050853729248
-0.160000085830688
-0.445165157318115
-0.102371215820313
-0.266115307807922
0.0305633544921875
