2022-03-03T16:19:38Z
 
Distance to Knob
2.80294966697693
-2.87615798413754
3.0021071434021
-3.15695449709892
2.95972275733948
-1.38494424521923
1.57592284679413
-1.67687758803368
1.6684672832489
-1.42550903558731
1.67281234264374
-1.40758228302002
-1.40536290407181
1.47455334663391
1.55519241094589
2.05469208955765
-1.83151912689209
1.86033952236176
-2.05264091491699
-2.0105100274086
1.81839966773987
-1.93120324611664
2.13466274738312
1.78313505649567
-1.74610340595245
-3.16172444820404
3.13306474685669
-2.89655965566635
2.84992051124573
-3.09799337387085
 
Time Taken
3121.4695
2366.1356
2268.3826
2630.8755
3346.4464
2698.8701
2445.8757
2187.581
2043.1952
2078.5936
1811.6351
2366.9035
1854.5176
2599.3178
1978.898
1944.9787
3276.8823
3121.4333
2733.3484
2524.3438
2109.9459
2122.3067
2200.3488
1909.3467
2212.02
2299.2631
3033.1595
3213.1895
2743.6195
2623.5258
2498.9329
 
Accuracy
0.00322222709655762
0.00256992876529694
-0.0128109455108643
0.00288370251655579
0.00797176361083984
-0.00635997951030731
-0.00629568099975586
-0.0015692412853241
-0.013219952583313
-0.00181847810745239
-0.013719916343689
-0.00410151481628418
0.00420683622360229
-0.000201940536499023
-0.000202834606170654
0.000898778438568115
-0.00996661186218262
0.00446951389312744
0.00115251541137695
0.00538963079452515
-0.0121325254440308
0.00229537487030029
-0.00904905796051025
-0.00953340530395508
0.0200557708740234
-0.00622248649597168
0.0197720527648926
0.0079072117805481
0.00324201583862305
0.0031437873840332
-0.00266242027282715
