2022-03-03T18:51:34Z
 
Distance to Knob
2.16461250185966
-1.8267924785614
1.88893610239029
-2.04951238632202
-2.00862389802933
1.83513176441193
-1.92979103326797
2.14498162269592
1.78324013948441
-1.75841581821442
-3.15100467205048
3.11005401611328
-2.89351242780685
2.84588050842285
-3.09521508216858
2.80980372428894
-2.87431314587593
3.01152420043945
-3.15249300003052
2.96831798553467
-1.38671992719173
1.58354127407074
-1.66423663496971
1.68524527549744
-1.42658534646034
1.68297803401947
-1.41021806001663
-1.39370876550674
1.48677706718445
1.56293654441834
 
Time Taken
5501.0142
3099.953
3710.6484
3691.668
4208.0436
3147.034
3010.787
3443.0438
4045.3419
2610.7469
3290.9558
2930.9461
3632.9216
4091.1208
4020.0086
3776.4139
3799.6807
3101.7151
4010.1859
4230.1614
3576.8145
2600.7976
3276.2125
2790.2082
3100.0091
3322.8199
3165.3712
3023.2176
3521.9459
2466.8418
3232.8968
 
Accuracy
0.010865181684494
-0.00523996353149414
0.0130658745765686
0.00428104400634766
0.00727576017379761
0.00459957122802734
0.00370758771896362
0.00126981735229492
-0.00942832231521606
0.00774335861206055
0.00449728965759277
-0.00323867797851563
0.0109544396400452
-0.00079798698425293
0.00592207908630371
0.0100762844085693
0.00441476702690125
-0.00339388847351074
0.00734519958496094
0.0165669918060303
-0.00813566148281097
0.00132274627685547
0.0110717117786407
0.00355803966522217
-0.00289478898048401
-0.00355422496795654
-0.00673729181289673
0.0158609747886658
0.0120217800140381
0.00754129886627197
0.00615227222442627
