2022-03-14T18:02:04Z
 
Distance to Knob
2.13538390398026
-1.83790946006775
1.85025298595428
-2.05506706237793
-2.01260852813721
1.82964885234833
-1.93991449475288
2.14662718772888
1.80418521165848
-1.77415764331818
-3.13852775096893
3.0894558429718
-2.89758771657944
2.85805797576904
-3.09243768453598
2.80394315719604
-2.86882010102272
3.0236485004425
-3.14208534359932
2.96292304992676
-1.3638961315155
1.59092772006989
-1.6660238802433
1.69915616512299
-1.42443665862083
1.68707311153412
-1.38556110858917
-1.39500588178635
1.47927355766296
1.56899434328079
 
Time Taken
2776.9858
3422.7899
5678.0048
2867.2326
4801.1527
3477.8452
3544.1881
4077.3307
3807.7728
3723.6026
3822.4835
4077.3378
3909.9201
4056.1206
4622.4345
3999.9138
3911.7537
3853.9612
3924.9799
3886.8148
4156.2175
3600.1596
3232.8104
3389.2975
3544.4024
2911.7498
3576.8859
3244.1694
3910.1786
3490.0786
3178.8755
 
Accuracy
-0.0183634161949158
-0.0163569450378418
-0.025617241859436
-0.00127363204956055
0.00329113006591797
-0.000883340835571289
-0.00641587376594543
0.00291538238525391
0.0115167498588562
-0.00799846649169922
0.0169742107391357
-0.0238368511199951
0.00687915086746216
0.0113794803619385
0.00869947671890259
0.00421571731567383
0.00990781188011169
0.00873041152954102
0.0177528560161591
0.0111720561981201
0.0146881341934204
0.00870919227600098
0.00928446650505066
0.0174689292907715
-0.000746101140975952
0.000540852546691895
0.017919659614563
0.0145638585090637
0.00451827049255371
0.0135990977287292
0.00951272249221802
