2022-03-12T15:34:15Z
 
Distance to Knob
-1.39078434370458
1.57985103130341
-1.67153939604759
1.68216001987457
-1.43747100234032
1.70258772373199
-1.43599385023117
-1.42096680402756
1.46757936477661
1.54340553283691
2.16342800855637
-1.83702516555786
1.8782045841217
-2.04727458953857
-2.02888649702072
1.83293735980988
-1.94314509630203
2.14269483089447
1.79426741600037
-1.74471437931061
-3.1419392824173
3.12413144111633
-2.8998356461525
2.84243011474609
-3.07704871892929
2.78476572036743
-2.85342791676521
3.03568649291992
-3.1623318195343
2.9511194229126
 
Time Taken
10055.0998
8622.5218
7144.2012
4132.1497
4299.5625
6444.9325
6422.6156
6810.3133
6344.0393
4266.1964
6733.0916
6145.6027
13108.6796
5578.1645
24199.3265
5011.6903
6621.3496
5756.1401
4789.8156
2842.1687
2789.2574
3521.6478
4466.2027
4389.7542
8299.1242
8777.9994
4978.453
13176.6676
5444.1024
11946.6923
5353.1747
 
Accuracy
-0.0122000779956579
-0.00236749649047852
0.00376895070075989
0.000472784042358398
-0.0137804448604584
0.0160554647445679
-0.0325130820274353
-0.0113970637321472
-0.00717592239379883
-0.0119897127151489
0.00968056917190552
-0.0154726505279541
0.0023345947265625
0.00651884078979492
-0.0129868388175964
0.00240516662597656
-0.00964647531509399
-0.00101697444915771
0.00159895420074463
0.0214447975158691
0.0135626792907715
0.0108387470245361
0.00463122129440308
-0.00424838066101074
0.024088442325592
-0.0149617195129395
0.025299996137619
0.020768404006958
-0.00249361991882324
-0.000631570816040039
0.0138545036315918
