2022-03-18T15:01:26Z
 
Distance to Knob
-1.3634640565142
1.55496656894684
-1.66326081752777
1.67111730575562
-1.39923065900803
1.6660475730896
-1.41011303663254
-1.41681182384491
1.48955869674683
1.5579748749733
2.16404885053635
-1.81706738471985
1.87536144256592
-2.05867862701416
-2.03310453891754
1.82704293727875
-1.92582499980927
2.14744126796722
1.8036327958107
-1.7501255273819
-3.17043924331665
3.10721802711487
-2.89335960149765
2.86138701438904
-3.09010607004166
2.78063654899597
-2.87510314583778
3.01892852783203
-3.16834145784378
2.95270800590515
 
Time Taken
3067.3632
5867.7553
2852.5607
2600.5092
2621.7867
2988.5973
2323.8088
2221.8358
4333.83
3154.9022
4066.5684
5367.0069
3576.9395
2465.8495
3978.4184
3611.5772
2956.1955
2554.6008
2990.7036
2754.0855
3043.048
3455.8428
3678.3368
3144.2523
5541.7797
3223.1602
5266.2706
3277.459
2691.5631
3165.6198
3455.2171
 
Accuracy
0.0151202091947198
-0.0272519588470459
0.0120475292205811
-0.0105699300765991
0.0244598984718323
-0.0204846858978271
-0.00663226842880249
-0.00724208354949951
0.014803409576416
0.00257962942123413
0.010301411151886
0.00448513031005859
-0.000508546829223633
-0.00488519668579102
-0.0172048807144165
-0.00348925590515137
0.00767362117767334
0.00372946262359619
0.0109643340110779
0.0160336494445801
-0.0149372816085815
-0.00607466697692871
0.0111072659492493
0.0147085189819336
0.0110310912132263
-0.0190908908843994
0.00362476706504822
0.00401043891906738
-0.008503258228302
0.000957012176513672
-0.00311395525932312
