2022-03-12T14:09:28Z
 
Distance to Knob
2.80294966697693
-2.87615798413754
3.01536321640015
-3.15695449709892
2.95972275733948
-1.37500206381083
1.58586502075195
-1.67687758803368
1.68172347545624
-1.42219498753548
1.68938267230988
-1.40426820516586
-1.40867698192596
1.47786736488342
1.55519241094589
2.05137801170349
-1.82489109039307
1.85702538490295
-2.05264091491699
-2.01713818311691
1.8316558599472
-1.93451732397079
2.14460492134094
1.79307723045349
-1.7659877538681
-3.15509635210037
3.10986638069153
-2.89987367391586
2.84660625457764
-3.10130745172501
 
Time Taken
4500.1995
4111.6284
4921.1432
4500.8941
4588.1225
4388.6563
4256.2571
3543.3695
4055.8916
4398.5753
2767.0721
6776.3701
3635.2998
4621.0182
5033.3659
4673.9848
3501.2448
4117.6167
4433.5369
4409.8089
4045.3785
8011.092
5243.7457
5352.0367
10600.8229
4420.7347
6101.2796
4566.5659
4921.4516
4432.5333
4677.4796
 
Accuracy
0.00322222709655762
0.00256992876529694
0.000445127487182617
0.00288370251655579
0.00797176361083984
0.00358220189809799
0.00364649295806885
-0.0015692412853241
3.62396240234375E-05
0.00149556994438171
0.00285041332244873
-0.000787436962127686
0.000892758369445801
0.0031120777130127
-0.000202834606170654
-0.00241529941558838
-0.00333857536315918
0.00115537643432617
0.00115251541137695
-0.00123852491378784
0.00112366676330566
-0.0010187029838562
0.000893115997314453
0.000408768653869629
0.000171422958374023
0.000405609607696533
-0.00342631340026855
0.00459319353103638
-7.22408294677734E-05
-0.000170290470123291
0.000651836395263672
