2022-02-14T15:59:44Z
 
Distance to Knob
-1.37027021124959
1.60385319590569
-1.67545968294144
1.70633986592293
-1.42077694833279
1.69080057740211
-1.45587515830994
-1.41057300567627
1.48591357469559
1.58312302827835
2.16269236803055
-1.76660144329071
1.8856041431427
-2.04726070165634
-2.0051297545433
1.84366428852081
-1.94239324331284
2.16655546426773
1.79514348506927
-1.75397932529449
-3.1298314332962
3.14507335424423
-2.91106343269348
2.86524325609207
-3.11581122875214
2.80575972795486
-2.86340579390526
3.02148723602295
-3.16408669948578
2.96253296732903
 
Time Taken
1898.4757
1531.6672
2500.5341
1833.7402
1900.0235
1687.9193
1867.0839
1777.5412
2267.4764
2756.2699
2076.5789
2079.0706
2165.0202
2024.9026
1788.1645
1898.7666
2178.5541
1709.9312
2004.2751
1796.1721
1899.9002
2102.0773
1964.4505
2354.0749
2328.8078
2425.7199
1852.2793
 
Accuracy
0.021634578704834
-0.000151365995407104
0.0246526002883911
0.00291351974010468
0.00426840782165527
-0.0523944199085236
-0.00100332498550415
0.0111582279205322
0.0277277231216431
0.0549509525299072
0.00973403453826904
0.00653266906738281
0.0107699632644653
0.0131320953369141
-0.00889462232589722
0.0228437185287476
0.00247496366500854
0.0121798515319824
0.0317807197570801
-0.00659662485122681
0.0185647010803223
-0.0146740078926086
0.00603222846984863
0.0153221786022186
0.00656914710998535
-0.00424849987030029
0.0107817649841309
