2022-03-10T14:25:29Z
 
Distance to Knob
2.78969359397888
-2.87615798413754
3.00873517990112
-3.12049984931946
2.93983840942383
-1.33523335307837
1.55935251712799
-1.68350571393967
1.68172347545624
-1.42550903558731
1.66618418693542
-1.3777557015419
-1.41530507802963
1.47455334663391
1.56182050704956
2.06132018566132
-1.80832076072693
1.87359571456909
-2.0559549331665
-1.99393975734711
1.8316558599472
-1.93120324611664
2.1280345916748
1.7997053861618
-1.78918612003326
-3.19817912578583
3.12312269210815
-2.90318775177002
2.82009387016296
-3.10130745172501
 
Time Taken
3056.852
3076.2397
2122.9654
2865.6294
2400.5372
3133.4104
2678.9056
1976.8101
2420.7247
2222.2119
2110.2401
2667.3874
2421.4811
2189.074
1832.9571
2588.9739
2332.1683
2412.0172
2102.3869
2298.3663
2165.8137
2355.007
2100.7459
1843.8629
1933.7065
2655.7381
2576.6083
2329.1391
2188.1147
2178.6911
2543.3426
 
Accuracy
-0.0100338459014893
0.00256992876529694
-0.00618290901184082
0.0393383502960205
-0.0119125843048096
0.043350912630558
-0.0228660106658936
-0.0081973671913147
3.62396240234375E-05
-0.00181847810745239
-0.020348072052002
0.0257250666618347
-0.00573533773422241
-0.000201940536499023
0.00642526149749756
0.00752687454223633
0.0132317543029785
0.0177257061004639
-0.00216150283813477
0.0219599008560181
0.00112366676330566
0.00229537487030029
-0.0156772136688232
0.00703692436218262
-0.0230269432067871
-0.0426771640777588
0.00982999801635742
0.00127911567687988
-0.0265846252441406
-0.000170290470123291
0.000651836395263672
