2022-03-29T16:54:15Z
 
Distance to Knob
-1.38427799986675
1.57407081127167
-0.101237535476685
1.58044970035553
0.156759142875671
1.8432914018631
0.439810633659363
-0.969759106636047
0.504996180534363
2.06039142608643
4.21413886547089
2.39258635044098
4.26845633983612
2.21466290950775
0.198763251304626
2.02929544448853
0.0957968235015869
2.23950862884521
4.03217709064484
2.26601791381836
-0.889484047889709
2.22380864620209
-0.680658221244812
2.16602027416229
-0.93511688709259
1.86461055278778
-1.01411736011505
2.00080072879791
-1.15903747081757
1.79271352291107
 
Time Taken
2988.7032
2699.6997
8818.5619
320.847
243.7905
12044.8843
399.3796
244.3295
199.8352
200.3719
199.9021
211.7627
199.7153
199.6924
378.6902
388.3964
300.0939
288.0378
289.0011
288.8025
267.3058
255.5918
310.6234
222.7633
233.1344
288.267
256.3993
311.0851
221.5453
256.3545
265.7066
 
Accuracy
-0.00569373415783048
-0.0081477165222168
1.57407081127167
-0.101237535476685
1.58044970035553
0.156759142875671
1.8432914018631
0.439810633659363
-0.969759106636047
0.504996180534363
2.06039142608643
4.21413886547089
2.39258635044098
4.26845633983612
2.21466290950775
0.198763251304626
2.02929544448853
0.0957968235015869
2.23950862884521
4.03217709064484
2.26601791381836
-0.889484047889709
2.22380864620209
-0.680658221244812
2.16602027416229
-0.93511688709259
1.86461055278778
-1.01411736011505
2.00080072879791
-1.15903747081757
1.79271352291107
