2022-03-12T15:26:21Z
 
Distance to Knob
2.14515852928162
-1.82307577133179
1.85996907949448
-2.04253387451172
-2.02370029687881
1.84290719032288
-1.9423625767231
2.15351855754852
1.81696963310242
-1.7730621099472
-3.14322137832642
3.10377717018127
-2.89512228965759
2.83097577095032
-3.09142911434174
2.79592299461365
-2.85887208580971
3.01039123535156
-3.15232625603676
2.9612078666687
-1.36556926369667
1.57024598121643
-1.6645322740078
1.66635477542877
-1.41909745335579
1.68832314014435
-1.38087022304535
-1.41929012537003
1.47243976593018
1.56311309337616
 
Time Taken
3877.7929
3500.5226
4555.1443
3422.3672
4109.229
3634.811
3922.022
3077.7015
3555.8848
3144.6125
4932.0367
4532.2457
4411.9552
4622.312
3222.3387
4155.348
4532.1985
3556.464
3721.3073
4022.2976
5034.1181
3122.0834
3289.7296
2877.8811
2833.343
3188.109
2778.2721
4876.0031
2501.6108
2566.2964
3388.8279
 
Accuracy
-0.00858879089355469
-0.00152325630187988
-0.0159011483192444
0.0112595558166504
-0.0078006386756897
0.0123749971389771
-0.00886395573616028
0.00980675220489502
0.0243011713027954
-0.00690293312072754
0.0122805833816528
-0.00951552391052246
0.00934457778930664
-0.0157027244567871
0.00970804691314697
-0.00380444526672363
0.0198558270931244
-0.00452685356140137
0.00751194357872009
0.00945687294006348
0.0130150020122528
-0.0119725465774536
0.0107760727405548
-0.0153324604034424
0.00459310412406921
0.00179088115692139
0.0226105451583862
-0.00972038507461548
-0.00231552124023438
0.00771784782409668
-0.0114376544952393
