2022-03-09T16:11:12Z
 
Distance to Knob
2.79963564872742
-2.88610015809536
3.01867723464966
-3.15364044904709
2.94978070259094
-1.37168800085783
1.58586502075195
-1.66693541407585
1.68835163116455
-1.41225281357765
1.68606853485107
-1.40095412731171
-1.41199100017548
1.47455334663391
1.55519241094589
2.05469208955765
-1.82489109039307
1.86033952236176
-2.0559549331665
-2.01382410526276
1.82171368598938
-1.93451732397079
2.13797676563263
1.79639130830765
-1.7659877538681
-3.1484682559967
3.10655236244202
-2.89655965566635
2.84329223632813
-3.10130745172501
 
Time Taken
2765.267
1800.2461
2944.9058
2610.6815
2178.1207
2299.4948
2257.1936
2187.4668
1855.9385
2388.2927
2988.457
2111.2054
2177.5018
2833.1898
2300.7548
2222.1815
2644.1154
2411.2055
2133.4529
2575.7076
1922.3215
1911.4527
2277.8295
1987.2974
2522.4518
2255.2568
1977.949
1855.9394
2131.8176
2589.644
2188.2171
 
Accuracy
-9.17911529541016E-05
-0.00737224519252777
0.00375914573669434
0.00619775056838989
-0.00197029113769531
0.00689626485109329
0.00364649295806885
0.00837293267250061
0.00666439533233643
0.0114377439022064
-0.000463724136352539
0.00252664089202881
-0.00242125988006592
-0.000201940536499023
-0.000202834606170654
0.000898778438568115
-0.00333857536315918
0.00446951389312744
-0.00216150283813477
0.00207555294036865
-0.00881850719451904
-0.0010187029838562
-0.00573503971099854
0.00372284650802612
0.000171422958374023
0.00703370571136475
-0.00674033164978027
0.0079072117805481
-0.00338625907897949
-0.000170290470123291
-0.00266242027282715
