2022-03-01T14:18:18Z
 
Distance to Knob
-1.38389106653631
1.52922582626343
-1.66353300213814
1.63830888271332
-1.44746769964695
1.67709720134735
-1.41122615337372
-1.42244648933411
1.41464567184448
1.54432988166809
2.19618475437164
-1.71772646903992
1.87303841114044
-2.04116225242615
-1.96631157398224
1.82922744750977
-1.92740350961685
2.10979306697845
1.84230726957321
-1.76342880725861
-3.11583989858627
3.05596113204956
-2.92253410816193
2.80158710479736
-3.08597749471664
2.78688073158264
-2.88740056753159
2.96720623970032
-3.11827802658081
2.9583580493927
 
Time Taken
1021.6424
1843.3436
1987.5867
1879.3529
1977.8653
2033.1069
2000.8411
1854.8373
2585.1589
2065.9071
2200.1671
2455.2833
2443.9494
2878.2609
1855.2893
1833.5892
2067.6141
1886.715
1900.6971
2108.1256
2213.4082
2034.1059
2055.6975
2331.8327
2301.4158
1854.3095
1855.5081
2014.0716
2419.0189
2099.3419
1900.6057
 
Accuracy
-0.005306800827384
-0.0529927015304565
0.0117753446102142
-0.0433783531188965
-0.0237771421670914
-0.00943505764007568
-0.00774538516998291
-0.0128767490386963
-0.0601096153259277
-0.0110653638839722
0.0424373149871826
0.10382604598999
-0.00283157825469971
0.0126311779022217
0.0495880842208862
-0.0013047456741333
0.00609511137008667
-0.0339187383651733
0.0496388077735901
0.00273036956787109
0.0396620631217957
-0.0573315620422363
-0.0180672407150269
-0.0450913906097412
0.0151596665382385
-0.0128467082977295
-0.00867265462875366
-0.0477118492126465
0.041560173034668
0.0066070556640625
-0.0119786560535431
