2022-03-15T14:54:04Z
 
Distance to Knob
2.14518702030182
-1.84273934364319
1.8838152885437
-2.05344271659851
-2.00912129878998
1.8491233587265
-1.945690959692
2.14694404602051
1.79020816087723
-1.75759756565094
-3.15079075098038
3.12632060050964
-2.89412236213684
2.85865378379822
-3.09587126970291
2.80175733566284
-2.88407430052757
3.02509307861328
-3.1774827837944
2.96346735954285
-1.38001364469528
1.59765684604645
-1.64144903421402
1.67856979370117
-1.44836094975472
1.71583950519562
-1.4078820347786
-1.38169062137604
1.50530672073364
1.54904443025589
 
Time Taken
1955.7632
3244.0813
2533.7378
3166.309
3321.975
2778.6007
2566.883
4033.3761
3310.2793
3399.0707
2510.388
3935.0856
4520.8843
3143.4412
3714.1072
3564.8126
3443.8238
2877.0131
3022.7823
3955.0227
3112.3385
3422.5974
2509.2903
2989.8123
2755.4679
3066.5512
3966.0645
2367.1079
3510.6467
2599.9727
2621.1433
 
Accuracy
-0.00856029987335205
-0.0211868286132813
0.00794506072998047
0.000350713729858398
0.00677835941314697
0.0185911655426025
-0.0121923387050629
0.00323224067687988
-0.0024603009223938
0.00856161117553711
0.00471121072769165
0.0130279064178467
0.0103445053100586
0.0119752883911133
0.00526589155197144
0.0020298957824707
-0.0053463876247406
0.0101749897003174
-0.0176445841789246
0.011716365814209
-0.00142937898635864
0.0154383182525635
0.0338593125343323
-0.00311744213104248
-0.0246703922748566
0.0293072462081909
-0.00440126657485962
0.0278791189193726
0.0305514335632324
-0.0063508152961731
-0.00570875406265259
