2022-03-17T14:30:25Z
 
Distance to Knob
2.14587360620499
-1.82509565353394
1.89871793985367
-2.0414662361145
-2.00558233261108
1.84281134605408
-1.93024796247482
2.15460634231567
1.8005291223526
-1.77720153331757
-3.1524772644043
3.1182713508606
-2.91317588090897
2.84317588806152
-3.09682881832123
2.80710697174072
-2.88467267155647
3.01985096931458
-3.14980894327164
2.95044112205505
-1.37198658287525
1.59013450145721
-1.68330219388008
1.68872427940369
-1.41306230425835
1.67922383546829
-1.41232323646545
-1.41819220781326
1.46574473381042
1.55771100521088
 
Time Taken
3544.4995
3722.4712
3078.2427
3177.2774
3278.0056
3955.0757
4143.4642
3677.7812
3712.1923
3521.6018
3500.057
3754.7562
4234.0936
4098.9599
4199.5101
3778.0581
3833.7251
4065.7747
4510.4851
4500.1395
4855.3965
3377.7808
3667.2532
3545.2173
3743.5134
3154.6563
3267.1061
3567.0037
5099.7684
4444.6963
3877.2448
 
Accuracy
-0.00787371397018433
-0.00354313850402832
0.0228477120399475
0.0123271942138672
0.010317325592041
0.0122791528701782
0.00325065851211548
0.0108945369720459
0.00786066055297852
-0.0110423564910889
0.00302469730377197
0.00497865676879883
-0.00870901346206665
-0.00350260734558105
0.00430834293365479
0.00737953186035156
-0.00594475865364075
0.00493288040161133
0.0100292563438416
-0.00130987167358398
0.00659768283367157
0.00791597366333008
-0.00799384713172913
0.00703704357147217
0.0106282532215118
-0.00730842351913452
-0.00884246826171875
-0.00862246751785278
-0.00901055335998535
0.00231575965881348
0.00722545385360718
