2022-03-03T15:00:41Z
 
Distance to Knob
2.81620597839355
-2.86621579527855
3.02861952781677
-3.15032640099525
2.9729790687561
-1.37168800085783
1.59912121295929
-1.67356353998184
1.69166564941406
-1.41225281357765
1.6960107088089
-1.39101195335388
-1.41199100017548
1.48780965805054
1.56844866275787
2.06132018566132
-1.82157707214355
1.86696767807007
-2.06921124458313
-2.01382410526276
1.84491217136383
-1.92788916826248
2.15454709529877
1.79639130830765
-1.77261602878571
-3.1484682559967
3.11318039894104
0.208713531494141
2.84992051124573
-3.09467929601669
 
Time Taken
4344.7752
2666.9666
3988.639
2732.7787
3045.3995
3177.2352
3399.9551
2589.5243
3299.6289
2777.3271
2621.5325
2768.0166
3454.9806
3688.8859
4188.6873
3444.6293
4955.0344
4077.7475
5166.0868
4200.4858
5555.4814
4233.701
3833.2751
6179.4541
5812.373
5451.5452
2656.2294
333.4441
4288.2652
3321.4927
4410.7367
 
Accuracy
0.0164785385131836
0.0125121176242828
0.0137014389038086
0.009511798620224
0.0212280750274658
0.00689626485109329
0.0169026851654053
0.00174480676651001
0.00997841358184814
0.0114377439022064
0.00947844982147217
0.0124688148498535
-0.00242125988006592
0.013054370880127
0.0130534172058105
0.00752687454223633
-2.45571136474609E-05
0.0110976696014404
-0.0154178142547607
0.00207555294036865
0.0143799781799316
0.00560945272445679
0.0108352899551392
0.00372284650802612
-0.00645685195922852
0.00703370571136475
-0.000112295150756836
3.11318039894104
0.00324201583862305
0.0064578652381897
0.0172219276428223
