2022-03-18T17:24:29Z
 
Distance to Knob
2.16203311085701
-1.82384133338928
1.88073086738586
-2.06020784378052
-2.01244658231735
1.84499764442444
-1.92732158303261
2.14325225353241
1.79417037963867
-1.7673534154892
-3.15681266784668
3.11756086349487
-2.90665221214294
2.84662318229675
-3.09504425525665
2.80949664115906
-2.8811816573143
3.02679300308228
-3.15593376755714
2.96805930137634
-1.37835100293159
1.58583760261536
-1.66849908232689
1.68407607078552
-1.43144959211349
1.69049710035324
-1.40573996305466
-1.40725123882294
1.47741913795471
1.55991435050964
 
Time Taken
7511.3123
5498.8838
5544.0495
4910.5079
4810.9667
4644.7414
5444.5862
6233.6147
5033.2007
5043.5011
5121.4462
4788.6069
5733.8589
5622.4471
4222.0628
4999.3944
5122.0335
4599.9643
4000.9713
5677.0128
5857.0061
5244.0064
4265.2599
4488.8249
5710.7525
3255.2865
3699.9099
4411.0785
4144.9059
4277.3186
3276.7844
 
Accuracy
0.00828579068183899
-0.002288818359375
0.00486063957214355
-0.00641441345214844
0.00345307588577271
0.0144654512405396
0.00617703795433044
-0.000459551811218262
0.00150191783905029
-0.00119423866271973
-0.00131070613861084
0.00426816940307617
-0.00218534469604492
-5.53131103515625E-05
0.00609290599822998
0.00976920127868652
-0.00245374441146851
0.0118749141693115
0.00390443205833435
0.0163083076477051
0.000233262777328491
0.00361907482147217
0.00680926442146301
0.00238883495330811
-0.00775903463363647
0.00396484136581421
-0.00225919485092163
0.00231850147247314
0.00266385078430176
0.00451910495758057
-0.000823259353637695
