2022-03-09T10:41:07Z
 
Distance to Knob
2.18424716591835
-1.85330057144165
1.87154287099838
-2.0359480381012
-1.99099403619766
1.84705758094788
-1.92367193102837
2.15790951251984
1.80107015371323
-1.7798558473587
-3.10946118831635
3.1467878818512
-2.88306993246078
2.87796354293823
-3.08360332250595
2.82318329811096
-2.90478625893593
3.01771640777588
-3.14540567994118
2.95102334022522
-1.36658445000649
1.55874228477478
-1.69599425792694
1.64807105064392
-1.39908114075661
1.69215166568756
-1.42394018173218
-1.40126180648804
1.49050784111023
1.53296858072281
 
Time Taken
3376.2437
3224.4277
3820.5405
2845.3487
3166.5562
3867.5058
2643.5688
2922.2001
2933.1095
2508.9713
2734.8981
3889.6395
3165.396
4067.3945
3787.8004
3633.4379
3166.6409
4066.5792
3367.9323
4033.077
3732.4219
2533.7734
4177.3651
3678.3738
2743.8053
3400.5828
3399.2365
2567.212
3554.8089
2366.5731
4057.3681
 
Accuracy
0.0304998457431793
-0.0317480564117432
-0.00432735681533813
0.0178453922271729
0.0249056220054626
0.0165253877639771
0.00982668995857239
0.0141977071762085
0.00840169191360474
-0.0136966705322266
0.0460407733917236
0.0334951877593994
0.0213969349861145
0.0312850475311279
0.0175338387489319
0.0234558582305908
-0.0260583460330963
0.00279831886291504
0.0144325196743011
-0.000727653503417969
0.0119998157024384
-0.023476243019104
-0.0206859111785889
-0.0336161851882935
0.0246094167232513
0.00561940670013428
-0.0204594135284424
0.00830793380737305
0.0157525539398193
-0.0224266648292542
0.00220245122909546
