2022-03-12T11:24:54Z
 
Distance to Knob
-1.36068250611424
1.5704106092453
-1.66896945238113
1.67729580402374
-1.43113949894905
1.67236912250519
-1.40281841158867
-1.41495960950851
1.47057557106018
1.55202090740204
2.15435218811035
-1.8113579750061
1.89644515514374
-2.04398846626282
-2.00560837984085
1.84922635555267
-1.94241100549698
2.13529682159424
1.80546313524246
-1.76044499874115
-3.14704388380051
3.10739898681641
-2.89403760433197
2.84791135787964
-3.10176575183868
2.8178071975708
-2.88320937752724
3.02163219451904
-3.16045331954956
2.94864845275879
 
Time Taken
9121.0966
3733.0642
3599.828
4111.2235
4184.466
7417.255
4200.0153
4700.3948
4304.0504
7673.9446
3634.1681
4643.3458
4877.8699
5533.7698
5682.3922
4743.1312
3923.0117
4032.0229
5201.5669
4042.9612
4766.1679
4240.4222
8896.9599
3664.65
3800.9385
8266.4108
5187.6903
3560.8057
4677.8232
5532.8003
3156.1794
 
Accuracy
0.0179017595946789
-0.011807918548584
0.00633889436721802
-0.00439143180847168
-0.0074489414691925
-0.0141631364822388
0.000662356615066528
-0.00538986921310425
-0.00417971611022949
-0.00337433815002441
0.000604748725891113
0.0101945400238037
0.0205751657485962
0.00980496406555176
0.0102912783622742
0.0186941623687744
-0.00891238451004028
-0.00841498374938965
0.0127946734428406
0.00571417808532715
0.00845807790756226
-0.00589370727539063
0.0104292631149292
0.00123286247253418
-0.00062859058380127
0.0180797576904297
-0.00448146462440491
0.0067141056060791
-0.000615119934082031
-0.00310254096984863
-0.00342738628387451
