2022-03-04T13:44:26Z
 
Distance to Knob
2.80626368522644
-2.87284392118454
3.01536321640015
-3.15695449709892
2.9663507938385
-1.37500206381083
1.58917903900146
-1.67356353998184
1.6651531457901
-1.42219498753548
1.68275451660156
-1.41752445697784
-1.40867698192596
1.48449563980103
1.55519241094589
2.05137801170349
-1.8348331451416
1.85702538490295
-2.06258320808411
-2.02045220136642
1.84159803390503
-1.93120324611664
2.14129090309143
1.78313505649567
-1.76930177211761
-3.15841042995453
3.1363787651062
-2.91312992572784
2.85654854774475
-3.10130745172501
 
Time Taken
2922.7453
3399.2349
3289.2692
3810.4242
3399.9056
4111.2178
3154.5823
2911.469
3699.9752
2688.7011
2678.0188
3011.5236
3521.4495
3978.4532
2699.8546
2376.9431
3411.9642
2611.4165
3154.0717
3422.2695
4056.5632
3321.5178
2601.5092
3631.3293
3846.2815
3375.8732
2567.1275
3377.0451
3312.7108
2999.1232
2833.6915
 
Accuracy
0.00653624534606934
0.00588399171829224
0.000445127487182617
0.00288370251655579
0.0145998001098633
0.00358220189809799
0.00696051120758057
0.00174480676651001
-0.0165340900421143
0.00149556994438171
-0.00377774238586426
-0.0140436887741089
0.000892758369445801
0.00974035263061523
-0.000202834606170654
-0.00241529941558838
-0.0132806301116943
0.00115537643432617
-0.0087897777557373
-0.00455254316329956
0.0110658407211304
0.00229537487030029
-0.00242090225219727
-0.00953340530395508
-0.0031425952911377
-0.00290846824645996
0.0230860710144043
-0.00866305828094482
0.00987005233764648
-0.000170290470123291
0.0205361843109131
