2022-03-01T16:48:04Z
 
Distance to Knob
2.14045131206512
-1.75307822227478
1.80430334806442
-2.02478766441345
-2.00922828912735
1.85622155666351
-1.93134647607803
2.14814531803131
1.77482706308365
-1.76962578296661
-2.95448505878448
3.19954943656921
-2.91454046964645
2.86896085739136
-3.13776898384094
2.65618562698364
-2.87196898460388
3.13126659393311
-3.31899243593216
2.93736743927002
-1.41551852226257
1.47943758964539
-1.76083862781525
1.69111287593842
-1.4928622841835
1.60083836317062
-1.36234873533249
-1.40002733469009
1.48940968513489
1.5610671043396
 
Time Taken
1375.9983
2648.0023
2799.9305
2991.9989
2915.6568
2810.9988
2700.6057
2589.0027
2960.8241
4411.2598
1460.0006
2369.6014
2240.0021
1990.4127
2165.158
1634.6107
1932.0061
1866.7547
1381.4515
1631.6189
1326.0272
1695.975
1116.4429
2449.9998
1319.5814
1837.0019
1422.9984
2925.9976
3263.0013
2714.7118
4080.9973
 
Accuracy
-0.0132960081100464
0.068474292755127
-0.0715668797492981
0.029005765914917
0.00667136907577515
0.0256893634796143
0.00215214490890503
0.00443351268768311
-0.0178413987159729
-0.00346660614013672
0.201016902923584
0.086256742477417
-0.0100736021995544
0.0222823619842529
-0.0366318225860596
-0.143541812896729
0.0067589282989502
0.116348505020142
-0.159154236316681
-0.0143835544586182
-0.0369342565536499
-0.102780938148499
-0.0855302810668945
0.00942564010620117
-0.0691717267036438
-0.085693895816803
0.0411320328712463
0.00954240560531616
0.0146543979644775
0.00567185878753662
-0.00185984373092651
