2022-03-14T11:48:44Z
 
Distance to Knob
-1.3742673988454
1.56535267829895
-1.69583375751972
1.67814671993256
-1.39148303866386
1.6792733669281
-1.40400752425194
-1.39288604259491
1.43875455856323
1.552594602108
2.16990303993225
-1.79157066345215
1.87469434738159
-2.02365589141846
-2.02451795339584
1.8349803686142
-1.91340488195419
2.13053691387177
1.81227344274521
-1.7352739572525
-3.17668980360031
3.09768772125244
-2.89024823904037
2.81212472915649
-3.09071606397629
2.79832887649536
-2.8904727101326
3.01225686073303
-3.1297812461853
2.93745160102844
 
Time Taken
12356.1486
5855.6098
5699.7471
4189.3311
3610.1398
3522.9926
6044.2526
5043.7295
7665.7977
3254.1947
4277.6147
9293.0675
10011.6935
5446.7054
13343.751
4188.9508
5077.6169
5065.8628
4433.1866
5022.2895
4366.6057
5043.6849
3644.3419
3922.3073
10099.8776
5030.466
4955.416
7733.9214
5232.9919
7692.7603
11839.6325
 
Accuracy
0.00431686686351895
-0.0168658494949341
-0.0205254107713699
-0.0035405158996582
0.0322075188159943
-0.00725889205932617
-0.000526756048202515
0.0166836977005005
-0.0360007286071777
-0.00280064344406128
0.0161556005477905
0.0299818515777588
-0.0011756420135498
0.0301375389099121
-0.00861829519271851
0.00444817543029785
0.0200937390327454
-0.0131748914718628
0.0196049809455872
0.0308852195739746
-0.0211878418922424
-0.0156049728393555
0.0142186284065247
-0.0345537662506104
0.010421097278595
-0.00139856338500977
-0.0117447972297668
-0.00266122817993164
0.0300569534301758
-0.0142993927001953
0.0205113291740417
