2022-03-10T13:18:24Z
 
Distance to Knob
2.79963564872742
-2.87615798413754
3.01536321640015
-3.1470123231411
2.94978070259094
-1.38825829327106
1.5659806728363
-1.68350571393967
1.68172347545624
-1.40562468767166
1.67944049835205
-1.40095412731171
-1.40536290407181
1.46461129188538
1.56182050704956
2.05137801170349
-1.81826281547546
1.85039734840393
-2.06589722633362
-2.02708035707474
1.83828401565552
-1.91794699430466
2.13797676563263
1.80301940441132
-1.7659877538681
-3.17498070001602
3.11318039894104
-2.90981590747833
2.84329223632813
-3.10462146997452
 
Time Taken
2034.3804
2488.9589
3110.5931
2776.9666
2922.4556
3020.3275
3210.9654
2888.9112
2043.0234
2678.4878
3211.5012
2242.8828
2567.253
2712.1292
2921.8056
1955.3492
2789.6875
2543.3708
2310.9862
3644.1066
2655.2367
2599.414
3067.2047
3478.6662
4064.9451
4078.1006
3722.394
2911.2999
3287.6183
2222.3067
2689.157
 
Accuracy
-9.17911529541016E-05
0.00256992876529694
0.000445127487182617
0.0128258764743805
-0.00197029113769531
-0.00967402756214142
-0.0162378549575806
-0.0081973671913147
3.62396240234375E-05
0.018065869808197
-0.00709176063537598
0.00252664089202881
0.00420683622360229
-0.0101439952850342
0.00642526149749756
-0.00241529941558838
0.00328969955444336
-0.00547266006469727
-0.012103796005249
-0.0111806988716125
0.00775182247161865
0.0155516266822815
-0.00573503971099854
0.0103509426116943
0.000171422958374023
-0.0194787383079529
-0.000112295150756836
-0.00534904003143311
-0.00338625907897949
-0.00348430871963501
0.00396585464477539
