2022-03-18T17:33:31Z
 
Distance to Knob
-1.39090007636696
1.5704185962677
-1.67998388409615
1.69594120979309
-1.43728375434875
1.70991957187653
-1.41907659173012
-1.42475366592407
1.45253729820251
1.54173809289932
2.14763075113297
-1.80034947395325
1.89282512664795
-2.01873350143433
-2.01811444759369
1.86054277420044
-1.9385307431221
2.13763284683228
1.81060898303986
-1.78044044971466
-3.13397061824799
3.13529276847839
-2.90312188863754
2.82741785049438
-3.12250816822052
2.79747343063354
-2.88859766721725
2.98997974395752
-3.1642382144928
2.9291045665741
 
Time Taken
4022.1457
3468.1862
3209.9997
4377.7173
3288.5439
4688.6929
3890.0046
3421.1631
4209.7948
4345.5269
6689.1479
6410.3687
5688.6314
5276.832
5945.5789
4944.7781
5632.5094
4800.442
9100.0145
5466.7668
4932.127
3966.3664
4011.6797
3877.9599
5788.3839
6211.8393
6588.1748
6598.8246
3822.0598
3832.9966
4244.9235
 
Accuracy
-0.0123158106580377
-0.0117999315261841
-0.00467553734779358
0.0142539739608765
-0.0135931968688965
0.0233873128890991
-0.0155958235263824
-0.0151839256286621
-0.0222179889678955
-0.0136571526527405
-0.00611668825149536
0.0212030410766602
0.0169551372528076
0.035059928894043
-0.00221478939056396
0.0300105810165405
-0.00503212213516235
-0.00607895851135254
0.0179405212402344
-0.0142812728881836
0.021531343460083
0.0220000743865967
0.00134497880935669
-0.0192606449127197
-0.0213710069656372
-0.00225400924682617
-0.00986975431442261
-0.0249383449554443
-0.00440001487731934
-0.022646427154541
0.00858145952224731
