2022-03-17T15:01:26Z
 
Distance to Knob
2.80294966697693
-2.87947203218937
3.01867723464966
-3.16689667105675
2.95972275733948
-1.37500206381083
1.58586502075195
-1.6868197619915
1.69497966766357
-1.42882308363914
1.68606853485107
-1.40758228302002
-1.40204882621765
1.47786736488342
1.56182050704956
2.05469208955765
-1.81826281547546
1.85702538490295
-2.0559549331665
-2.02045220136642
1.8316558599472
-1.93120324611664
2.15123307704926
1.7997053861618
-1.7659877538681
-3.15841042995453
3.11649441719055
-2.89324557781219
2.85654854774475
-3.09136521816254
 
Time Taken
3610.5185
3601.0456
3898.8683
3534.8276
3121.4986
5365.2744
3000.0445
3267.1354
3111.7602
2965.9876
2711.062
2922.0005
3322.1407
3799.2586
4734.7226
3432.5869
4789.0042
4578.5879
3299.0816
3989.2311
3467.2448
4810.3008
3421.5182
4433.9328
3032.3981
3678.8742
4809.6807
4223.3346
3377.2254
4532.6975
4055.4531
 
Accuracy
0.00322222709655762
-0.00074411928653717
0.00375914573669434
-0.00705847144126892
0.00797176361083984
0.00358220189809799
0.00364649295806885
-0.0115114152431488
0.0132924318313599
-0.0051325261592865
-0.000463724136352539
-0.00410151481628418
0.00752091407775879
0.0031120777130127
0.00642526149749756
0.000898778438568115
0.00328969955444336
0.00115537643432617
-0.00216150283813477
-0.00455254316329956
0.00112366676330566
0.00229537487030029
0.00752127170562744
0.00703692436218262
0.000171422958374023
-0.00290846824645996
0.00320172309875488
0.0112212896347046
0.00987005233764648
0.00977194309234619
0.00727987289428711
