2022-03-08T17:30:30Z
 
Distance to Knob
-1.359853008762
1.60869669914246
-1.67948122322559
1.69634401798248
-1.40143999457359
1.707515001297
-1.39254307746887
-1.38018679618835
1.47931170463562
1.5541011095047
2.12794089317322
-1.8123824596405
1.8884049654007
-2.02263808250427
-2.03219109773636
1.841264128685
-1.92315918207169
2.17302119731903
1.82058382034302
-1.77519381046295
-3.16245371103287
3.13597130775452
-2.88313144445419
2.85032439231873
-3.10025030374527
2.81790542602539
-2.86965379118919
3.04547357559204
-3.17394828796387
2.96138000488281
 
Time Taken
7320.8545
6787.5455
6743.9873
3911.436
3974.131
3880.9613
3833.6808
3933.3214
4510.4471
4043.6419
6154.792
4088.3888
4377.3931
3811.8356
3999.5573
3622.2571
9964.8954
3935.1512
4221.7958
6045.4988
4999.9931
4866.6863
4809.4211
4078.2912
4322.1708
4796.1801
6256.1423
4098.9256
4200.6529
7443.528
4691.0316
 
Accuracy
0.0187312569469213
0.0264781713485718
-0.00417287647724152
0.0146567821502686
0.0222505629062653
0.0209827423095703
0.0109376907348633
0.0293829441070557
0.00455641746520996
-0.00129413604736328
-0.0258065462112427
0.0091700553894043
0.0125349760055542
0.0311553478240967
-0.0162914395332336
0.0107319355010986
0.0103394389152527
0.0293093919754028
0.027915358543396
-0.00903463363647461
-0.00695174932479858
0.0226786136627197
0.0213354229927063
0.00364589691162109
0.000886857509613037
0.0181779861450195
0.00907412171363831
0.0305554866790771
-0.0141100883483887
0.0096290111541748
0.0410923361778259
