2022-03-10T14:34:03Z
 
Distance to Knob
-1.40614346787333
1.56478536128998
-1.64115245640278
1.70089733600616
-1.38653486967087
1.71465265750885
-1.36831724643707
-1.45270133018494
1.44010925292969
1.56777292490005
2.19581419229507
-1.86084175109863
1.90958791971207
-2.03761076927185
-1.9797688126564
1.84105205535889
-1.9452029466629
2.11770498752594
1.79051178693771
-1.79684746265411
-3.15011405944824
3.09992408752441
-2.90171867609024
2.82043862342834
-3.08450871706009
2.7692551612854
-2.87745603919029
2.97445511817932
-3.12606143951416
2.91122364997864
 
Time Taken
1388.7973
2124.4715
2132.5308
2465.4284
2021.6789
2333.3758
2446.5293
2032.687
2042.9189
2133.3708
2077.8433
2476.6787
2524.102
2175.8307
2477.2397
2523.347
2054.366
2199.8875
2243.5103
2323.0549
2155.159
2234.4918
2342.5963
2568.2705
2146.9383
2197.9881
2098.4102
2079.4749
2155.4641
2244.5604
2266.6213
 
Accuracy
-0.0275592021644115
-0.0174331665039063
0.0341558903455734
0.0192101001739502
0.0371556878089905
0.0281203985214233
0.0351635217666626
-0.0431315898895264
-0.0346460342407227
0.0123776793479919
0.042066752910614
-0.0392892360687256
0.033717930316925
0.0161826610565186
0.0361308455467224
0.0105198621749878
-0.0117043256759644
-0.026006817817688
-0.00215667486190796
-0.0306882858276367
0.00538790225982666
-0.0133686065673828
0.00274819135665894
-0.0262398719787598
0.0166284441947937
-0.0304722785949707
0.00127187371253967
-0.0404629707336426
0.0337767601013184
-0.04052734375
0.0381870865821838
