2022-03-11T17:22:14Z
 
Distance to Knob
2.77975130081177
-2.82644709944725
3.06838822364807
-3.12049984931946
2.95972275733948
-1.37831611931324
1.58255088329315
-1.64042294025421
1.68172347545624
-1.42550903558731
1.68938267230988
-1.40426820516586
-1.40867698192596
1.47786736488342
1.55519241094589
2.05469208955765
-1.82157707214355
1.85371136665344
-2.0559549331665
-2.01713818311691
1.82834184169769
-1.93120324611664
2.14460492134094
1.79307723045349
-1.76930177211761
-3.15509635210037
3.11649441719055
-2.90318775177002
2.84992051124573
-3.09467929601669
 
Time Taken
1544.6451
1689.0698
1645.2769
1732.4647
1766.8723
1454.671
1234.4859
1254.8434
5133.248
3222.4652
4465.9563
3401.0994
3199.7554
4020.6585
3566.747
2677.7499
3700.0964
3489.7822
3488.185
3666.994
3544.0721
4179.8233
3487.4275
3199.7879
3500.3226
3732.7018
3421.8155
4600.5381
3699.8379
5044.4989
4800.2425
 
Accuracy
-0.0199761390686035
0.0522808134555817
0.0534701347351074
0.0393383502960205
0.00797176361083984
0.000268146395683289
0.000332355499267578
0.0348854064941406
3.62396240234375E-05
-0.00181847810745239
0.00285041332244873
-0.000787436962127686
0.000892758369445801
0.0031120777130127
-0.000202834606170654
0.000898778438568115
-2.45571136474609E-05
-0.00215864181518555
-0.00216150283813477
-0.00123852491378784
-0.00219035148620605
0.00229537487030029
0.000893115997314453
0.000408768653869629
-0.0031425952911377
0.000405609607696533
0.00320172309875488
0.00127911567687988
0.00324201583862305
0.0064578652381897
-0.00266242027282715
