2022-03-03T16:26:00Z
 
Distance to Knob
2.15271246433258
-1.80844879150391
1.88395440578461
-2.04802560806274
-2.02087062597275
1.84288823604584
-1.92996782064438
2.15263664722443
1.79733693599701
-1.77998244762421
-3.16041028499603
3.0814483165741
-2.90561002492905
2.8436324596405
-3.10414606332779
2.79031085968018
-2.86988046765327
2.98359394073486
-3.15761914849281
2.95671486854553
-1.37351407110691
1.59014916419983
-1.68330717086792
1.6671234369278
-1.42460533976555
1.7054750919342
-1.37519484758377
-1.39159321784973
1.47388863563538
1.55374282598495
 
Time Taken
2621.133
3843.7364
2678.0244
4966.9714
2923.1619
2591.8771
2484.2033
2756.1172
2667.0363
2588.3726
2736.2727
2819.3826
3267.3262
2865.5904
2921.9799
2922.6295
2727.4523
2660.9796
3378.0363
2889.5025
2733.1611
2021.2002
2245.4953
2245.1688
2609.245
2189.4567
2268.0096
2598.4941
2422.6206
2265.8918
2566.5508
 
Accuracy
-0.00103485584259033
0.013103723526001
0.00808417797088623
0.005767822265625
-0.0049709677696228
0.0123560428619385
0.00353080034255981
0.00892484188079834
0.0046684741973877
-0.0138232707977295
-0.00490832328796387
-0.0318443775177002
-0.00114315748214722
-0.00304603576660156
-0.00300890207290649
-0.00941658020019531
0.0088474452495575
-0.0313241481781006
0.00221905112266541
0.00496387481689453
0.00507019460201263
0.00793063640594482
-0.00799882411956787
-0.0145637989044189
-0.000914782285690308
0.0189428329467773
0.0282859206199646
0.0179765224456787
-0.00086665153503418
-0.00165241956710815
0.0039551854133606
