2022-03-01T17:09:22Z
 
Distance to Knob
-1.49389939755201
1.56791710853577
-1.64981301128864
1.67911124229431
-1.42783840000629
1.67487549781799
-1.38582313060761
-1.42889672517776
1.45085597038269
1.52796989679337
2.15606033802032
-1.79435920715332
1.92341375350952
-2.07901859283447
-2.02236723899841
1.83771562576294
-1.89041835069656
2.10184419155121
1.79444772005081
-1.75047719478607
-3.1383803486824
3.08936262130737
-2.87490701675415
2.8389949798584
-3.12001270055771
2.79218459129334
-2.92568612098694
3.00715661048889
-3.18647718429565
2.94047951698303
 
Time Taken
200.2585
4477.8969
2176.9486
2461.3717
2625.0364
2999.9498
2187.8907
2334.5062
4027.6322
3021.5896
4067.7057
4376.7143
2178.5422
2965.896
2488.3603
2044.2606
3134.7127
2111.8142
2084.9836
2410.2234
4212.3899
3376.686
3611.714
2532.9852
6510.9308
2166.7898
4402.1714
1968.7405
3272.7459
2744.3539
3055.4137
 
Accuracy
-0.11531513184309
-0.0143014192581177
0.0254953354597092
-0.00257599353790283
-0.00414784252643585
-0.0116567611694336
0.0176576375961304
-0.0193269848823547
-0.0238993167877197
-0.0274253487586975
0.00231289863586426
0.0271933078765869
0.0475437641143799
-0.0252251625061035
-0.00646758079528809
0.00718343257904053
0.0430802702903748
-0.0418676137924194
0.00177925825119019
0.0156819820404053
0.0171216130256653
-0.0239300727844238
0.029559850692749
-0.00768351554870605
-0.0188755393028259
-0.00754284858703613
-0.0469582080841064
-0.00776147842407227
-0.0266389846801758
-0.0112714767456055
-0.0126675963401794
