2022-03-03T19:13:05Z
 
Distance to Knob
2.79963564872742
-2.87284392118454
3.01536321640015
-3.15364044904709
2.95309472084045
-1.35843177139759
1.59580719470978
-1.65367919206619
1.68835163116455
-1.41225281357765
1.69269669055939
-1.39432603120804
-1.40204882621765
1.48449563980103
1.56513458490372
2.06132018566132
-1.82820510864258
1.85039734840393
-2.06258320808411
-2.02045220136642
1.84159803390503
-1.92457515001297
2.14791893959045
1.79307723045349
-1.77261602878571
-3.1650385260582
3.11980867385864
-2.90650182962418
2.85323452949524
-3.09467929601669
 
Time Taken
3587.8825
2910.5206
3098.6971
2721.881
2199.9627
2411.1293
2053.8212
3699.0385
4675.0744
1801.1255
2656.4127
2810.3394
2367.9844
2576.3579
3422.8525
2921.9471
4922.9993
4689.2252
2689.0047
2944.6721
2734.4253
3932.3497
3777.4751
6676.0171
3466.9452
3044.9382
3310.9081
3900.9374
3065.9279
3177.2435
3422.228
 
Accuracy
-9.17911529541016E-05
0.00588399171829224
0.000445127487182617
0.00619775056838989
0.00134372711181641
0.0201524943113327
0.0135886669158936
0.0216291546821594
0.00666439533233643
0.0114377439022064
0.00616443157196045
0.00915473699569702
0.00752091407775879
0.00974035263061523
0.00973933935165405
0.00752687454223633
-0.0066525936126709
-0.00547266006469727
-0.0087897777557373
-0.00455254316329956
0.0110658407211304
0.00892347097396851
0.00420713424682617
0.000408768653869629
-0.00645685195922852
-0.00953656435012817
0.0065159797668457
-0.00203496217727661
0.00655603408813477
0.0064578652381897
0.00727987289428711
