2022-03-03T12:22:30Z
 
Distance to Knob
1.91390460729599
-1.50808024406433
1.93169379234314
-2.19413089752197
-1.99246525764465
2.01585388183594
-1.89828813076019
2.28697633743286
1.98806357383728
0.22232460975647
-2.93320417404175
0.180003643035889
-2.72494351863861
0.121232748031616
-2.9789115190506
-0.179626107215881
-3.0586838722229
-0.0436997413635254
-3.20337498188019
-0.251204252243042
-1.63013577461243
-0.0477547645568848
-1.72353053092957
-0.0417479276657104
-1.46513295173645
0.221749901771545
-1.18195140361786
-2.59174060821533
-1.11712050437927
0.43779194355011
 
Time Taken
1175.0374
1777.9631
2187.0275
1859.9698
2180.0007
1900.0007
1765.0001
3700.0008
17148.034
501.9907
275.9723
209.0253
202.0014
202.9751
264.0302
198.9958
202.9738
218.9988
477.0002
263.0018
287.007
246.0249
247.9672
257.0016
286.0006
285.0312
273.9676
278.0005
390.9973
338.0315
430.97
 
Accuracy
-0.239842712879181
0.313472270965576
0.0558235645294189
-0.140337467193604
0.0234344005584717
0.185321688652039
0.0352104902267456
0.143264532089233
0.195395112037659
1.98848378658295
0.222297787666321
-2.93328905105591
0.179523348808289
-2.72544574737549
0.122225642204285
-2.97935354709625
-0.179955959320068
-3.05861783027649
-0.0435367822647095
-3.20295524597168
-0.251551508903503
-1.62997329235077
-0.0482221841812134
-1.72343516349792
-0.0414423942565918
-1.46478235721588
0.221529364585876
-1.18217086791992
-2.59187579154968
-1.11760330200195
0.438538074493408
