2022-03-30T17:50:33Z
 
Distance to Knob
2.15062481164932
-1.81955170631409
1.87293785810471
-2.04548048973084
-2.01671451330185
1.8438127040863
-1.93310698866844
0.750047668814659
2.54270921647549
0.776760622859001
-2.37903936207294
0.73425380885601
-2.17037697136402
0.676955685019493
-2.42427881062031
0.375119790434837
-2.50360663235188
0.511692926287651
-2.64902789890766
0.303102597594261
-1.07645674049854
0.506192430853844
-1.16977055370808
0.512305125594139
-0.91144110262394
0.775262519717216
-0.627846673130989
-2.03766132891178
-0.56234373152256
0.993094190955162
 
Time Taken
2674.9165
4311.7149
5310.5236
5098.8579
4811.9408
5067.0811
65667.6464
59807.6788
211.7144
245.4306
242.354
233.9859
200.3573
245.2439
277.5344
200.0682
198.8103
201.782
199.8597
198.4043
199.8827
202.7326
220.2313
244.7955
200.8007
199.5446
198.7845
200.6117
366.7507
254.5712
388.8166
 
Accuracy
-0.00312250852584839
0.00200080871582031
-0.00293236970901489
0.00831294059753418
-0.000814855098724365
0.0132805109024048
0.000391632318496704
-1.39366413652897
0.750040754675865
2.54291979968548
0.776462599635124
-2.37903888523579
0.734089896082878
-2.16972281038761
0.676858350634575
-2.42460764944553
0.375121280550957
-2.50322516262531
0.510810300707817
-2.64864839613438
0.302127525210381
-1.07602609694004
0.505537793040276
-1.16938211023808
0.512249454855919
-0.91126973927021
0.775634095072746
-0.628091588616371
-2.03709901869297
-0.562301054596901
0.993139907717705
