2022-03-09T10:46:40Z
 
Distance to Knob
-1.37356505775824
1.60726714134216
-1.64878979325294
1.65912234783173
-1.4229408800602
1.7012038230896
-1.40162235498428
-1.40890824794769
1.45013475418091
1.57154089212418
2.13998049497604
-1.79443168640137
1.89180040359497
-2.0116662979126
-2.00372141599655
1.82865977287292
-1.9188939332962
2.15563642978668
1.79284530878067
-1.75131905078888
-3.12956535816193
3.13147974014282
-2.87446445226669
2.87553262710571
-3.08197206258774
2.78371119499207
-2.87681430578232
3.02825021743774
-3.21098661422729
2.90867805480957
 
Time Taken
11180.2334
2699.2724
2921.3365
5055.8996
3389.4983
2898.4871
3111.9513
2631.5835
2900.5631
3800.2392
3676.8166
4656.0418
3954.5167
3889.1909
3211.8202
2731.3608
2956.4557
2567.2582
3244.3874
3743.6986
4189.2322
3767.2633
3834.1017
2743.6366
5332.7706
2856.2525
2921.572
2622.8668
5222.8718
2509.0553
2756.4591
 
Accuracy
0.00501920795068145
0.0250486135482788
0.0265185534954071
-0.0225648880004883
0.000749677419662476
0.0146715641021729
0.0018584132194519
0.000661492347717285
-0.024620532989502
0.016145646572113
-0.0137669444084167
0.02712082862854
0.0159304141998291
0.0421271324157715
0.0121782422065735
-0.00187242031097412
0.0146046876907349
0.0119246244430542
0.000176846981048584
0.0148401260375977
0.0259366035461426
0.0181870460510254
0.0300024151802063
0.0288541316986084
0.0191650986671448
-0.0160162448883057
0.00191360712051392
0.0133321285247803
-0.0511484146118164
-0.0430729389190674
-0.0278116464614868
