2022-03-18T14:42:20Z
 
Distance to Knob
2.61249785497785
0.790495324879885
2.66667352989316
0.613048005849123
-1.40300716087222
0.427021373063326
-1.50586427375674
0.637598145753145
2.430469263345
0.664050329476595
-2.4909042827785
0.622019398957491
-2.28311951085925
0.563113916665316
-2.5371574871242
0.262517798691988
-2.61587084457278
0.398892749100924
-2.76070357486606
0.190599430352449
-1.1877295486629
0.394625592976809
-1.28040410205722
0.400840569287539
-1.02245808765292
0.663473654538393
-0.739294838160276
-2.15015752241015
-0.675296436995268
0.880446005612612
 
Time Taken
355.699
200.4248
244.7605
266.2312
265.4397
278.5336
289.1996
287.8888
289.7195
266.7242
199.8578
200.8471
199.2044
199.6339
234.8483
198.9833
256.0104
199.6744
254.9924
200.5928
244.4729
199.531
267.2988
199.8822
266.2887
200.0858
333.555
388.9832
200.6442
231.5106
256.8663
 
Accuracy
0.458750534802675
2.61204783990979
0.790803302079439
2.66684143617749
0.612892497330904
-1.40351082012057
0.427634347230196
-1.50611365959048
0.637800801545382
2.43020950630307
0.664597678929567
-2.49127329513431
0.621347356587648
-2.28356457874179
0.563979674130678
-2.53720964118838
0.26285706833005
-2.61602533981204
0.399134624749422
-2.76115156337619
0.190854717046022
-1.18759293481708
0.394904244691134
-1.28084666654468
0.401232469826937
-1.02305860444903
0.664185930043459
-0.740587782114744
-2.15005172416568
-0.674949239939451
0.880591560155153
