2022-03-01T16:53:06Z
 
Distance to Knob
2.75655293464661
-2.93912509083748
2.98553681373596
-3.1470123231411
2.9265820980072
-1.42471294105053
1.62894773483276
-1.63048076629639
1.68835163116455
-1.3691700398922
1.67281234264374
-1.38438385725021
-1.39542073011398
1.53752040863037
1.64798605442047
2.05137801170349
-1.83814716339111
1.84376919269562
-2.06589722633362
-2.01713818311691
1.86148250102997
-1.92126107215881
2.14460492134094
1.77319288253784
-1.75273168087006
-3.18160879611969
3.16951942443848
-2.91312992572784
2.86980485916138
-3.15101832151413
 
Time Taken
1922.0312
1675.6899
1342.9984
1647.9995
1564.4067
1508.0325
1374.5527
1497.0305
1514.9666
994.0258
1261.4439
880.9994
1245.0028
1851.5591
1461.9714
1689.6426
1544.9992
1288.0003
1596.9988
1220.5318
1503.999
1225.5632
1224.9971
1407.001
1435
1831.6771
1765.9966
1292.0002
1081.3824
1354.0006
1140.1156
 
Accuracy
-0.0431745052337646
-0.0603971779346466
-0.029381275177002
0.0128258764743805
-0.0251688957214355
-0.0461286753416061
0.0467292070388794
0.0448275804519653
0.00666439533233643
0.0545205175876617
-0.013719916343689
0.0190969109535217
0.014149010181427
0.0627651214599609
0.0925908088684082
-0.00241529941558838
-0.0165946483612061
-0.0121008157730103
-0.012103796005249
-0.00123852491378784
0.0309503078460693
0.012237548828125
0.000893115997314453
-0.0194755792617798
0.0134274959564209
-0.0261068344116211
0.0562267303466797
-0.00866305828094482
0.0231263637542725
-0.0498811602592468
0.0702469348907471
