2022-03-12T16:30:42Z
 
Distance to Knob
-1.37383129168302
1.58582580089569
-1.67823895812035
1.68238461017609
-1.41572773456573
1.68805110454559
-1.4175129532814
-1.41542851924896
1.4637176990509
1.54036968946457
2.13843727111816
-1.82512950897217
1.87126469612122
-2.04975366592407
-2.00691670179367
1.84302294254303
-1.92639470100403
2.1425815820694
1.80600702762604
-1.76842105388641
-3.15512430667877
3.12433314323425
-2.88338029384613
2.83661437034607
-3.08327442407608
2.80808258056641
-2.85830309987068
2.98616290092468
-3.17622470855713
2.94073629379272
 
Time Taken
3077.5639
5144.1952
6888.6149
4402.6275
4052.4926
4834.7299
5699.9083
4365.1186
4313.0317
3087.8431
3011.1803
5177.0859
4211.6695
3920.9455
3177.9402
4955.9461
3309.4456
4846.3544
4720.2812
3813.7522
4087.5853
4288.2671
5890.6792
6765.2627
3443.9585
5597.8977
5224.1809
3710.0783
3178.5517
3854.6203
2688.8611
 
Accuracy
0.00475297402590513
0.00360727310180664
-0.00293061137199402
0.00069737434387207
0.00796282291412354
0.0015188455581665
-0.0140321850776672
-0.00585877895355225
-0.0110375881195068
-0.0150255560874939
-0.0153101682662964
-0.00357699394226074
-0.00460529327392578
0.00403976440429688
0.00898295640945435
0.0124907493591309
0.00710391998291016
-0.00113022327423096
0.013338565826416
-0.00226187705993652
0.000377655029296875
0.0110404491424561
0.021086573600769
-0.0100641250610352
0.0178627371788025
0.00835514068603516
0.0204248130321503
-0.0287551879882813
-0.0163865089416504
-0.0110146999359131
-0.0192221105098724
