2022-03-14T14:48:30Z
 
Distance to Knob
2.8360903263092
-2.91592667996883
3.06838822364807
-3.14038419723511
2.93652439117432
-1.34186147153378
1.58255088329315
-1.62053859233856
1.71486401557922
-1.38574033975601
1.66618418693542
-1.39101195335388
-1.41861915588379
1.45466899871826
1.54525023698807
2.09114670753479
-1.79175043106079
1.86365354061127
-2.05926918983459
-1.98399758338928
1.84822618961334
-1.94114542007446
2.13797676563263
1.81296163797379
-1.70633471012115
-3.13189792633057
3.11318039894104
-2.90981590747833
2.82340788841248
-3.02177000045776
 
Time Taken
1677.3527
1389.014
2022.2879
3311.2593
2123.3447
2165.8011
1644.19
1900.8148
2054.5612
1778.3391
1799.52
1555.5919
1499.6927
2310.6739
1433.8377
1734.7674
1970.7151
2046.7735
1576.8984
1700.6088
1522.0548
1800.1245
2154.2255
2056.7223
1666.8765
2132.8717
2155.9515
1433.1098
1588.9931
1355.2749
2188.348
 
Accuracy
0.036362886428833
-0.0371987670660019
0.0534701347351074
0.0194540023803711
-0.0152266025543213
0.036722794175148
0.000332355499267578
0.05476975440979
0.0331767797470093
0.0379502177238464
-0.020348072052002
0.0124688148498535
-0.00904941558837891
-0.0200862884521484
-0.0101450085639954
0.0373533964157104
0.0298020839691162
0.00778353214263916
-0.00547575950622559
0.0319020748138428
0.0176939964294434
-0.00764679908752441
-0.00573503971099854
0.0202931761741638
0.0598244667053223
0.0236040353775024
-0.000112295150756836
-0.00534904003143311
-0.0232706069946289
0.0793671607971191
0.00727987289428711
