2022-03-17T14:34:53Z
 
Distance to Knob
2.79300761222839
-2.87615798413754
3.01867723464966
-3.14038419723511
2.93983840942383
-1.365059889853
1.56929469108582
-1.66362136602402
1.68503749370575
-1.41225281357765
1.6960107088089
-1.40426820516586
-1.41199100017548
1.47786736488342
1.55519241094589
2.05137801170349
-1.81494879722595
1.87028169631958
-2.04932689666748
-1.99393975734711
1.81839966773987
-1.94445949792862
2.13797676563263
1.78644913434982
-1.75935971736908
-3.16172444820404
3.1032383441925
-2.91312992572784
2.85986256599426
-3.11456364393234
 
Time Taken
3532.2425
2811.8205
2477.9095
2955.9249
2477.4236
2744.9215
2143.6465
3133.0775
1723.3139
4499.8398
2354.3624
1999.9525
1999.9432
2246.1158
2120.4551
2156.3977
2922.7205
2832.3999
2889.4087
2243.2091
2489.6692
3143.7034
3055.6078
2300.6376
3954.8465
2311.6929
2366.7119
1932.4736
2622.486
2076.7146
2789.7893
 
Accuracy
-0.00671982765197754
0.00256992876529694
0.00375914573669434
0.0194540023803711
-0.0119125843048096
0.0135243758559227
-0.0129238367080688
0.0116869807243347
0.00335025787353516
0.0114377439022064
0.00947844982147217
-0.000787436962127686
-0.00242125988006592
0.0031120777130127
-0.000202834606170654
-0.00241529941558838
0.00660371780395508
0.0144116878509521
0.00446653366088867
0.0219599008560181
-0.0121325254440308
-0.0109608769416809
-0.00573503971099854
-0.00621932744979858
0.00679945945739746
-0.00622248649597168
-0.010054349899292
-0.00866305828094482
0.0131840705871582
-0.0134264826774597
0.00727987289428711
