2022-03-01T17:06:17Z
 
Distance to Knob
2.13331800699234
-1.78383231163025
1.87175410985947
-2.03818917274475
-2.0269176363945
1.8520085811615
-1.93343859910965
2.13918387889862
1.75921618938446
-1.76915800571442
-3.17324721813202
3.13908171653748
-2.90481740236282
2.85140061378479
-3.11998790502548
2.78273892402649
-2.8629977107048
3.02525234222412
-3.15999752283096
2.95729684829712
-1.36424058675766
1.57953357696533
-1.6532042324543
1.68402886390686
-1.41450756788254
1.67931640148163
-1.38294804096222
-1.40482491254807
1.43870639801025
1.52365154027939
 
Time Taken
1951.31
2266.6112
2400.5498
2065.8307
2433.5272
2811.8425
2678.9807
2465.4776
3272.733
3055.4809
2510.6547
3433.777
2911.0071
2822.4807
2843.7
3478.7018
2699.9713
2478.7114
4099.0114
2866.6201
3477.2991
2522.1933
2443.7439
2144.9739
2788.9461
2433.1878
2666.651
2266.276
2834.3334
2510.3733
2764.0795
 
Accuracy
-0.0204293131828308
0.0377202033996582
-0.00411611795425415
0.0156042575836182
-0.0110179781913757
0.0214763879776001
6.00218772888184E-05
-0.00452792644500732
-0.0334522724151611
-0.00299882888793945
-0.0177452564239502
0.0257890224456787
-0.000350534915924072
0.00472211837768555
-0.0188507437705994
-0.0169885158538818
0.0157302021980286
0.0103342533111572
-0.000159323215484619
0.00554585456848145
0.0143436789512634
-0.00268495082855225
0.0221041142940521
0.002341628074646
0.00918298959732056
-0.00721585750579834
0.0205327272415161
0.00474482774734497
-0.0360488891601563
-0.0317437052726746
-0.00847041606903076
