2022-03-12T15:18:38Z
 
Distance to Knob
2.80957794189453
-2.87284392118454
3.02861952781677
-3.15364044904709
2.96303677558899
-1.3551177084446
1.56929469108582
-1.67024949193001
1.69829380512238
-1.41556686162949
1.68606853485107
-1.41421037912369
-1.40536290407181
1.49443769454956
1.57176268100739
2.06132018566132
-1.7950644493103
1.85371136665344
-2.0559549331665
-2.0105100274086
1.85154020786285
-1.94114542007446
2.16117525100708
1.80301940441132
-1.74610340595245
-3.16835260391235
3.12643671035767
-2.89987367391586
2.87974691390991
-3.09467929601669
 
Time Taken
7399.2439
3633.768
3309.7008
4665.0669
3367.4992
3710.4007
2556.1855
2721.9827
3211.7568
2998.9808
2400.4372
2833.2336
2767.6163
3364.9711
2811.9933
2711.8068
3354.6593
3588.2072
2856.5967
3378.3363
2476.534
6688.8863
2167.0654
2509.2956
2844.6346
3390.2561
3677.4658
3477.5383
3221.9377
2522.2062
3277.6211
 
Accuracy
0.00985050201416016
0.00588399171829224
0.0137014389038086
0.00619775056838989
0.0112857818603516
0.023466557264328
-0.0129238367080688
0.00505885481834412
0.0166065692901611
0.00812369585037231
-0.000463724136352539
-0.0107296109199524
0.00420683622360229
0.0196824073791504
0.0163674354553223
0.00752687454223633
0.0264880657196045
-0.00215864181518555
-0.00216150283813477
0.00538963079452515
0.0210080146789551
-0.00764679908752441
0.0174634456634521
0.0103509426116943
0.0200557708740234
-0.0128506422042847
0.0131440162658691
0.00459319353103638
0.0330684185028076
0.0064578652381897
0.0238502025604248
