2022-03-14T18:09:20Z
 
Distance to Knob
-1.37780592835043
1.59086239337921
-1.64452657103539
1.71278643608093
-1.45723243057728
1.69123542308807
-1.38486796617508
-1.42536461353302
1.46868872642517
1.51794838905334
2.1781513094902
-1.77171039581299
1.88590359687805
-2.06514573097229
-2.0122731924057
1.84196698665619
-1.92726194858551
2.14746916294098
1.79963034391403
-1.77174508571625
-3.11710053682327
3.11741256713867
-2.86828595399857
-0.0216074585914612
-3.12784677743912
2.79866909980774
-2.84822791814804
3.04210448265076
-3.12858217954636
2.944340467453
 
Time Taken
4633.1328
4376.4357
3767.7792
4230.1163
3843.8612
3954.8812
4000.7033
4088.5291
3989.8743
7501.8385
4023.8472
4798.2317
4566.7769
7867.3197
6800.5266
4954.5681
4354.7034
7569.6127
4864.4346
3978.6166
4033.2188
10098.3315
5222.4896
199.8486
3377.7908
4077.5087
3890.9662
4898.1333
4422.2544
4311.4645
6931.4936
 
Accuracy
0.000778337358497083
0.00864386558532715
0.0307817757129669
0.0310992002487183
-0.0335418730974197
0.00470316410064697
0.018612802028656
-0.0157948732376099
-0.00606656074523926
-0.0374468564987183
0.0244038701057434
0.0498421192169189
0.0100336074829102
-0.0113523006439209
0.00362646579742432
0.01143479347229
0.00623667240142822
0.00375735759735107
0.0069618821144104
-0.00558590888977051
0.0384014248847961
0.004119873046875
0.0361809134483337
-2.86828595399857
-0.0267096161842346
-0.00105834007263184
0.0304999947547913
0.027186393737793
0.0312560200691223
-0.00741052627563477
0.0117549300193787
