2022-03-12T14:02:47Z
 
Distance to Knob
-1.37013381626457
1.58184969425201
-1.67812919616699
1.67521166801453
-1.42764815688133
1.67832064628601
-1.41646638512611
-1.4114151597023
1.47056818008423
1.55280518531799
2.14310878515244
-1.81238412857056
1.86505532264709
-2.04213237762451
-2.027716755867
1.84004378318787
-1.9253545999527
2.13833022117615
1.79370909929276
-1.77311050891876
-3.16911453008652
3.11007714271545
-2.89987194538116
2.8418288230896
-3.10308700799942
2.80154252052307
-2.87471026182175
3.00908350944519
-3.16416668891907
2.95995187759399
 
Time Taken
16166.3439
5345.3169
4577.9445
9976.6795
15413.6416
5083.9364
4166.7369
3743.511
7735.0551
6578.7889
4386.8497
18788.7851
27065.9281
28189.5938
7923.4792
11021.703
7734.2919
11353.9273
13109.6669
8245.6994
4921.2443
6144.3401
3776.8439
18844.0741
7767.5128
7944.0721
3687.4619
6710.92
3557.5236
17352.9922
15579.0217
 
Accuracy
0.00845044944435358
-0.000368833541870117
-0.00282084941864014
-0.00647556781768799
-0.003957599401474
-0.00821161270141602
-0.0129856169223785
-0.00184541940689087
-0.00418710708618164
-0.00259006023406982
-0.0106386542320251
0.00916838645935059
-0.0108146667480469
0.0116610527038574
-0.0118170976638794
0.00951159000396729
0.00814402103424072
-0.00538158416748047
0.00104063749313354
-0.00695133209228516
-0.0136125683784485
-0.00321555137634277
0.00459492206573486
-0.00484967231750488
-0.00194984674453735
0.0018150806427002
0.00401765108108521
-0.00583457946777344
-0.00432848930358887
0.00820088386535645
0.00192412734031677
