2022-03-12T11:17:58Z
 
Distance to Knob
2.15171986818314
-1.82240557670593
1.88098120689392
-2.06185054779053
-2.00117605924606
1.81846880912781
-1.93225079774857
2.14861702919006
1.78685849905014
-1.76600301265717
-3.16163057088852
3.12618255615234
-2.9031879901886
2.84766054153442
-3.08928471803665
2.81244349479675
-2.87624940276146
3.03680801391602
-3.14975172281265
2.96724057197571
-1.3757312297821
1.57646501064301
-1.67562592029572
1.68396615982056
-1.40772473812103
1.70517206192017
-1.39064168930054
-1.42028957605362
1.48260617256165
1.56714421510696
 
Time Taken
3222.4762
3324.3383
6315.405
3278.7956
4554.8538
5500.0582
2599.7765
3412.8236
3365.0513
4621.6249
3755.1632
3444.7554
4011.807
3655.0632
5133.1335
3889.7415
4054.5905
4034.0747
3955.1663
4044.6578
3600.2884
3344.2196
2766.7727
2688.6673
3310.9467
2688.9946
2555.9974
6020.4442
3066.4342
2890.9476
4821.6521
 
Accuracy
-0.00202745199203491
-0.000853061676025391
0.0051109790802002
-0.0080571174621582
0.0147235989570618
-0.0120633840560913
0.0012478232383728
0.00490522384643555
-0.0058099627494812
0.000156164169311523
-0.00612860918045044
0.0128898620605469
0.00127887725830078
0.000982046127319336
0.0118524432182312
0.0127160549163818
0.00247851014137268
0.0218899250030518
0.0100864768028259
0.0154895782470703
0.00285303592681885
-0.00575351715087891
-0.000317573547363281
0.00227892398834229
0.0159658193588257
0.0186398029327393
0.0128390789031982
-0.0107198357582092
0.00785088539123535
0.0117489695549011
-0.00594121217727661
