2022-03-14T11:59:25Z
 
Distance to Knob
2.16097673773766
-1.81752991676331
1.89541703462601
-2.05351185798645
-2.01013439893723
1.8375883102417
-1.93309679627419
2.15006577968597
1.80553823709488
-1.77618396282196
-3.14722204208374
3.10732841491699
-2.90209555625916
2.84953236579895
-3.08431792259216
2.80917382240295
-2.88282349705696
3.01788973808289
-3.14009174704552
2.95815205574036
-1.37077651917934
1.58808934688568
-1.66109502315521
1.69098508358002
-1.42151737213135
1.69237691164017
-1.40125465393066
-1.40294742584229
1.47511696815491
1.55592840909958
 
Time Taken
10354.2946
2422.412
3201.0148
2621.3671
4999.7962
3522.4054
3422.6416
4855.2989
3843.9894
2645.0692
3466.6499
3221.3869
4022.5843
4011.0083
3823.5727
3387.7363
3278.2096
3099.8777
3866.754
3876.9318
3311.2626
3732.6054
2945.7807
4120.5613
3079.4818
3643.1952
2700.6252
4999.2271
3688.7697
3400.726
2977.164
 
Accuracy
0.00722941756248474
0.00402259826660156
0.0195468068122864
0.000281572341918945
0.00576525926589966
0.00705611705780029
0.000401824712753296
0.00635397434234619
0.0128697752952576
-0.0100247859954834
0.00827991962432861
-0.00596427917480469
0.00237131118774414
0.0028538703918457
0.0168192386627197
0.00944638252258301
-0.00409558415412903
0.00297164916992188
0.0197464525699615
0.00640106201171875
0.00780774652957916
0.00587081909179688
0.0142133235931396
0.00929784774780273
0.00217318534851074
0.00584465265274048
0.00222611427307129
0.006622314453125
0.00036168098449707
0.000533163547515869
0.00611311197280884
