2022-02-14T16:26:48Z
 
Distance to Knob
-1.36288603022695
1.39254902675748
-1.5522089600563
1.68081411719322
-1.43657571077347
1.46291369199753
-1.57318219542503
-1.42018580436707
1.47355270385742
1.67558312416077
2.1714101433754
-1.81501197814941
1.83051323890686
-1.71717298030853
-1.75506442785263
1.83529543876648
-2.13421493768692
1.88123697042465
2.06804257631302
-2.01392894983292
-3.12879800796509
3.15521138906479
-3.00513434410095
2.81042593717575
-2.87245225906372
3.08352237939835
-2.94485360383987
3.12708467245102
-2.88715487718582
2.84824281930923
 
Time Taken
2977.7609
3076.28
3211.5322
2932.8111
3156.991
3631.9944
2678.7207
2744.4058
2943.4736
5822.9675
3012.1769
5355.6477
3255.1973
3698.6735
3077.4275
3777.4759
3612.0987
4933.3053
3791.0921
3642.1528
3456.7013
3911.0786
3521.0677
3567.8695
3421.8117
3711.1283
3344.673
 
Accuracy
-0.0109317302703857
0.00318627431988716
-0.000873088836669922
-0.012885183095932
-0.0118416547775269
0.00903639197349548
-0.0106160640716553
-0.20175576210022
-0.0109490156173706
-0.0223433971405029
-1.9073486328125E-05
0.216325759887695
0.0110947489738464
0.013742983341217
0.00949680805206299
0.00536692142486572
0.0142492055892944
0.00197076797485352
-0.00462675094604492
0.00978368520736694
0.0106985569000244
0.00627583265304565
-0.0176148414611816
0.0068974494934082
0.0137920379638672
0.0173119306564331
0.00156426429748535
