2022-02-14T18:07:25Z
 
Distance to Knob
-1.67694706236944
1.56189812719822
-1.56452259421349
1.47944843769073
-1.4178826212883
1.67692139931023
-1.41454661078751
-1.40645730495453
1.69074594974518
1.37790697813034
2.15120762586594
-1.76876127719879
2.05904936790466
-1.81671559810638
-1.87805497646332
2.1522855758667
-2.00437158346176
-1.77109950780869
1.9313588142395
1.8273344039917
-3.15615892410278
2.90815073251724
-2.87256264686584
3.11125826835632
-3.09125030040741
2.80586665868759
-2.95637035369873
3.1527841091156
-3.00818526744843
2.84430658817291
 
Time Taken
3290.047
4077.024
3077.3278
3478.28
2878.0055
5322.4875
3088.7704
2799.1088
3489.6411
4610.8658
4510.6925
7021.8758
3899.9811
4622.8305
3566.9351
4499.305
3244.7096
5087.8527
3932.0816
5034.172
3909.8864
4111.1524
4945.5445
6466.3618
4533.5575
3854.6141
4166.9834
 
Accuracy
0.00650286674499512
0.0176959484815598
0.00469315052032471
0.00580793619155884
0.00161302089691162
-0.00497695803642273
-0.00297665596008301
0.00421380996704102
-0.000677227973937988
-0.00260210037231445
0.0052560567855835
0.0138165950775146
-0.00218486785888672
0.00857377052307129
0.0115281343460083
0.0215690135955811
-0.00213980674743652
0.00578188896179199
0.00368380546569824
0.00616532564163208
-0.00203442573547363
0.00988686084747314
0.00613927841186523
-0.00461918115615845
-0.00705409049987793
0.00673282146453857
-0.00237202644348145
