2022-03-18T14:46:14Z
 
Distance to Knob
2.80294966697693
-2.87284392118454
3.02199149131775
-3.16026857495308
2.95640873908997
-1.37500206381083
1.58917903900146
-1.67356353998184
1.68503749370575
-1.41888090968132
1.68938267230988
-1.40426820516586
-1.40536290407181
1.47786736488342
1.55850648880005
2.06132018566132
-1.82157707214355
1.85371136665344
-2.05926918983459
-2.01382410526276
1.82834184169769
-1.93451732397079
2.14460492134094
1.78313505649567
-1.7659877538681
-3.15509635210037
3.11980867385864
-2.90318775177002
2.84660625457764
-3.09467929601669
 
Time Taken
4010.5232
2189.2798
2632.5474
2400.5958
3233.133
2377.5643
2089.0469
2333.4116
1944.0458
1856.2393
1966.4229
2145.4799
2832.9269
2533.058
4200.3323
3033.4521
2609.652
3101.1251
2721.731
3122.4416
2333.1647
2355.3212
2532.5613
2777.7662
2466.7395
2510.9735
3888.6364
2985.4635
3108.5608
3144.3215
2389.5761
 
Accuracy
0.00322222709655762
0.00588399171829224
0.00707340240478516
-0.000430375337600708
0.00465774536132813
0.00358220189809799
0.00696051120758057
0.00174480676651001
0.00335025787353516
0.00480964779853821
0.00285041332244873
-0.000787436962127686
0.00420683622360229
0.0031120777130127
0.00311124324798584
0.00752687454223633
-2.45571136474609E-05
-0.00215864181518555
-0.00547575950622559
0.00207555294036865
-0.00219035148620605
-0.0010187029838562
0.000893115997314453
-0.00953340530395508
0.000171422958374023
0.000405609607696533
0.0065159797668457
0.00127911567687988
-7.22408294677734E-05
0.0064578652381897
0.000651836395263672
