2022-03-04T15:37:17Z
 
Distance to Knob
2.16344609856606
-1.80329275131226
1.86410331726074
-2.04207801818848
-2.00923722982407
1.83229112625122
-1.91120368242264
2.15489017963409
1.78288334608078
-1.75600683689117
-3.16069608926773
0.87022989988327
-2.90172016620636
2.84255647659302
-3.11338686943054
2.79865717887878
-2.87959566712379
3.00242066383362
-3.1646015048027
2.95559120178223
-1.37422861158848
1.58230638504028
-1.67678174376488
1.68147385120392
-1.42534145712852
1.67657899856567
-1.40233504772186
-1.40683841705322
1.47681760787964
1.55282247066498
 
Time Taken
2553.626
3557.0641
3698.5442
3188.992
3311.4889
2800.7363
3225.1177
380795.8768
3711.0996
2876.8927
3122.9231
4087.7385
6922.1282
3766.7757
3856.1303
3387.5092
5011.7282
5222.8578
3344.6539
3464.9555
3011.9855
6988.4937
21365.7661
5423.0801
2499.3491
2388.9197
2855.3444
2933.6387
15610.4715
2822.6501
2911.2346
 
Accuracy
0.0096987783908844
0.0182597637176514
-0.0117669105529785
0.0117154121398926
0.00666242837905884
0.00175893306732178
0.0222949385643005
0.0111783742904663
-0.00978511571884155
0.0101523399353027
-0.00519412755966187
-2.24306279420853
0.00274670124053955
-0.00412201881408691
-0.0122497081756592
-0.00107026100158691
-0.000867754220962524
-0.0124974250793457
-0.00476330518722534
0.00384020805358887
0.00435565412044525
8.78572463989258E-05
-0.00147339701652527
-0.000213384628295898
-0.00165089964866638
-0.00995326042175293
0.00114572048187256
0.0027313232421875
0.00206232070922852
-0.00257277488708496
0.00725644826889038
