2022-03-07T18:34:04Z
 
Distance to Knob
2.156015843153
-1.82428550720215
1.8718329668045
-2.0478253364563
-2.01844817399979
1.83499622344971
-1.93732789158821
2.14400124549866
1.79266083240509
-1.77148234844208
-3.15841948986053
3.11771750450134
-2.90197229385376
2.86312317848206
-3.10446256399155
2.80910086631775
-2.88131007552147
3.01940321922302
-3.16536206007004
2.95758461952209
-1.38242188096046
1.57751500606537
-1.67998936772347
1.68128156661987
-1.42404997348785
1.68491810560226
-1.40291321277618
-1.40745288133621
1.48344254493713
1.56702768802643
 
Time Taken
4087.0605
4666.9418
5655.9013
4221.6147
4166.3961
8678.5832
4333.0446
3899.9425
4277.329
4359.4169
4742.1009
4287.2199
6854.8396
6088.7986
5600.1082
6033.7605
5465.8014
6533.4612
4500.2897
4989.1081
5256.1202
5956.3542
3998.3588
4579.2726
4177.3207
5798.4493
4233.5887
3478.5613
4554.7937
5356.1404
3288.4023
 
Accuracy
0.00226852297782898
-0.00273299217224121
-0.00403726100921631
0.00596809387207031
-0.00254851579666138
0.00446403026580811
-0.00382927060127258
0.000289440155029297
-7.62939453125E-06
-0.00532317161560059
-0.00291752815246582
0.0044248104095459
0.00249457359313965
0.0164446830749512
-0.00332540273666382
0.00937342643737793
-0.00258216261863709
0.00448513031005859
-0.00552386045455933
0.00583362579345703
-0.00383761525154114
-0.00470352172851563
-0.00468102097511292
-0.000405669212341309
-0.000359416007995605
-0.00161415338516235
0.00056755542755127
0.002116858959198
0.00868725776672363
0.0116324424743652
-0.00424963235855103
