2022-03-08T13:56:07Z
 
Distance to Knob
2.15332680940628
-1.82892084121704
1.87093365192413
-2.06783151626587
-2.01810759305954
1.83088517189026
-1.93490272760391
2.14652919769287
1.79113274812698
-1.77239906787872
-3.15252685546875
3.10978937149048
-2.90536510944366
2.85267162322998
-3.10381978750229
2.80387568473816
-2.87734961509705
3.01339197158813
-3.16677597165108
2.95114970207214
-1.38259956240654
1.57930445671082
-1.67418190836906
1.68565583229065
-1.42943224310875
1.68598359823227
-1.4034548997879
-1.41089165210724
1.48130249977112
1.55951362848282
 
Time Taken
11547.7324
7266.7836
4976.6573
3901.5118
4165.0704
4645.6834
4243.2048
4099.9123
3200.5884
4444.1799
4790.19
6831.1188
3501.2108
4289.4466
4155.6235
4799.2845
3910.0582
3867.42
4122.6712
4832.8354
4200.2347
7454.9007
4677.1767
3756.0939
3388.1333
5167.866
3510.1231
7267.587
3921.8739
4911.0379
3199.0775
 
Accuracy
-0.000420510768890381
-0.00736832618713379
-0.0049365758895874
-0.0140380859375
-0.00220793485641479
0.000352978706359863
-0.00140410661697388
0.00281739234924316
-0.00153571367263794
-0.00623989105224609
0.00297510623931885
-0.00350332260131836
-0.000898241996765137
0.00599312782287598
-0.00268262624740601
0.00414824485778809
0.00137829780578613
-0.0015261173248291
-0.00693777203559875
-0.000601291656494141
-0.00401529669761658
-0.00291407108306885
0.00112643837928772
0.00396859645843506
-0.00574168562889099
-0.000548660755157471
2.58684158325195E-05
-0.00132191181182861
0.00654721260070801
0.00411838293075562
-0.00977641344070435
