2022-03-11T13:48:45Z
 
Distance to Knob
2.17475301027298
-1.86306428909302
1.91444879770279
-2.03218960762024
-2.02376556396484
1.81396329402924
-1.96880263090134
2.19417464733124
1.80221873521805
-1.80584990978241
-3.1784120798111
3.10482811927795
-2.92888575792313
2.84746241569519
-3.09995663166046
2.82008934020996
-2.88328576087952
3.02760124206543
-3.16349709033966
2.96600556373596
-1.41222777962685
1.59306108951569
-1.62163120508194
1.69301879405975
-1.45843935012817
1.6724808216095
-1.41475212574005
-1.38736939430237
1.47719097137451
1.54615384340286
 
Time Taken
2025.2535
2732.359
2777.2337
2678.2867
3220.6882
2989.1253
2534.052
3176.8158
2644.8429
2342.7835
2678.9862
3165.3359
2847.3325
3186.744
2899.3357
3244.2253
2633.613
2777.8404
2965.7349
3134.6271
2588.4226
2622.1728
2256.5256
2755.8087
2308.8496
2855.5629
2922.3221
2922.3066
2789.4939
2467.2769
2655.2856
 
Accuracy
0.0210056900978088
-0.0415117740631104
0.0385785698890686
0.0216038227081299
-0.00786590576171875
-0.0165688991546631
-0.0353040099143982
0.0504628419876099
0.00955027341842651
-0.0396907329559326
-0.0229101181030273
-0.00846457481384277
-0.0244188904762268
0.000783920288085938
0.00118052959442139
0.0203619003295898
-0.00455784797668457
0.0126831531524658
-0.00365889072418213
0.0142545700073242
-0.033643513917923
0.0108425617218018
0.0536771416664124
0.0113315582275391
-0.0347487926483154
-0.0140514373779297
-0.0112713575363159
0.022200345993042
0.00243568420410156
-0.00924140214920044
-0.0106338858604431
