2022-03-07T14:25:29Z
 
Distance to Knob
2.79963564872742
-2.88610015809536
3.00542116165161
-3.15032640099525
2.95309472084045
-1.38163018226624
1.58917903900146
-1.68019166588783
1.67509531974792
-1.41888090968132
1.67612636089325
-1.40758228302002
-1.40867698192596
1.47786736488342
1.54525023698807
2.06463426351547
-1.82157707214355
1.87028169631958
-2.06589722633362
-2.00719600915909
1.8316558599472
-1.92457515001297
2.15123307704926
1.78644913434982
-1.7659877538681
-3.1484682559967
3.12312269210815
-2.90318775177002
2.84329223632813
-3.10462146997452
 
Time Taken
2688.8727
2356.1618
3310.5156
2600.4212
3333.3152
3122.9444
2843.3073
2243.7919
2010.4429
2212.3257
3376.4384
2267.7103
1843.7443
2334.3264
2034.0637
1943.4101
2655.5112
2532.5777
2165.7211
2544.9125
4600.13
2132.3145
2446.5927
3387.4374
2333.088
2455.6787
3655.3292
2534.9799
3522.3871
2465.0077
3888.6237
 
Accuracy
-9.17911529541016E-05
-0.00737224519252777
-0.00949692726135254
0.009511798620224
0.00134372711181641
-0.00304591655731201
0.00696051120758057
-0.00488331913948059
-0.00659191608428955
0.00480964779853821
-0.0104058980941772
-0.00410151481628418
0.000892758369445801
0.0031120777130127
-0.0101450085639954
0.0108409523963928
-2.45571136474609E-05
0.0144116878509521
-0.012103796005249
0.00870364904403687
0.00112366676330566
0.00892347097396851
0.00752127170562744
-0.00621932744979858
0.000171422958374023
0.00703370571136475
0.00982999801635742
0.00127911567687988
-0.00338625907897949
-0.00348430871963501
-0.00266242027282715
