2022-03-03T15:07:48Z
 
Distance to Knob
2.16289487481117
-1.82753038406372
1.87452566623688
-2.04475069046021
-2.01940041780472
1.8420102596283
-1.92545005679131
2.15001428127289
1.79827076196671
-1.76452839374542
-3.15352421998978
3.12586522102356
-2.90673857927322
2.85022950172424
-3.07309186458588
2.80440425872803
-2.87318733334541
3.01872944831848
-3.15931043028831
2.96343016624451
-1.38335347175598
1.58612942695618
-1.67046540975571
1.68463313579559
-1.42431086301804
1.69981181621552
-1.39767950773239
-1.39627355337143
1.48507642745972
1.5776372551918
 
Time Taken
3789.4989
5676.8914
3999.8626
5366.8236
19011.2751
5444.8611
4187.7786
5355.3404
3833.6386
4466.3566
3599.5954
5233.5746
4866.9939
4823.041
6921.1042
5755.8046
4992.1335
4465.0696
5066.666
5441.6534
4377.544
4689.2367
6944.7411
5599.9791
4378.0472
4076.9357
4523.172
4243.8954
5235.7577
4121.429
4686.4449
 
Accuracy
0.00914755463600159
-0.00597786903381348
-0.00134456157684326
0.00904273986816406
-0.00350075960159302
0.011478066444397
0.00804856419563293
0.00630247592926025
0.00560230016708374
0.00163078308105469
0.00197774171829224
0.0125725269317627
-0.00227171182632446
0.00355100631713867
0.0280452966690063
0.00467681884765625
0.00554057955741882
0.00381135940551758
0.000527769327163696
0.0116791725158691
-0.00476920604705811
0.00391089916229248
0.00484293699264526
0.00294589996337891
-0.00062030553817749
0.0132795572280884
0.00580126047134399
0.0132961869239807
0.0103211402893066
0.02224200963974
-0.0080839991569519
