2022-03-04T15:46:05Z
 
Distance to Knob
-1.35919735766947
1.61772680282593
-1.66343912482262
1.64061367511749
-1.38775327801704
1.67034804821014
-1.40224969387054
-1.40337842702866
1.45184683799744
1.56691759824753
2.13835877180099
-1.75582766532898
1.89008975028992
-1.99147963523865
-1.97647660970688
1.80472505092621
-1.8825266957283
2.18140304088593
1.83423626422882
-1.69561803340912
-3.14151853322983
3.0472469329834
-2.90000402927399
2.89082980155945
-3.07795470952988
2.80690884590149
-2.87232360243797
3.01004099845886
-3.15871781110764
2.89425468444824
 
Time Taken
1589.8706
2420.752
2198.9918
2978.1963
2267.2074
5387.4375
2567.3252
2911.727
11933.2136
3289.6336
4164.838
2588.7237
2744.7472
2643.558
2778.2767
2533.0688
12244.6734
2821.5932
2800.7435
9833.2228
6454.1129
2712.3609
2644.4744
3155.4949
3109.4017
3033.2259
3311.2225
3154.7826
31389.6865
2343.5969
8732.4638
 
Accuracy
0.0193869080394506
0.0355082750320435
0.0118692219257355
-0.0410735607147217
0.0359372794628143
-0.0161842107772827
0.00123107433319092
0.00619131326675415
-0.0229084491729736
0.0115223526954651
-0.0153886675834656
0.0657248497009277
0.0142197608947754
0.0623137950897217
0.0394230484962463
-0.0258071422576904
0.0509719252586365
0.0376912355422974
0.0415678024291992
0.0705411434173584
0.013983428478241
-0.0660457611083984
0.0044628381729126
0.0441513061523438
0.0231824517250061
0.00718140602111816
0.00640431046485901
-0.00487709045410156
0.00112038850784302
-0.0574963092803955
-0.0306408703327179
