2022-03-07T18:27:12Z
 
Distance to Knob
2.80294966697693
-2.87947203218937
3.02530550956726
-3.15695449709892
2.96303677558899
-1.38163018226624
1.58255088329315
-1.67687758803368
1.67840945720673
-1.41556686162949
1.68938267230988
-1.41089630126953
-1.41861915588379
1.47786736488342
1.56844866275787
2.05800610780716
-1.82820510864258
1.85371136665344
-2.05264091491699
-2.01713818311691
1.8316558599472
-1.93451732397079
2.13466274738312
1.79307723045349
-1.76267373561859
-3.15841042995453
3.12643671035767
-2.90981590747833
2.84329223632813
-3.10793554782867
 
Time Taken
6699.9834
2766.6566
6877.2701
5134.7717
4998.7735
5344.436
3033.6605
3243.3082
5776.6828
4279.3954
4310.6951
7164.6971
5234.505
5578.1331
5253.6586
4267.6978
5110.4844
4490.0552
4056.1838
3910.728
4977.507
4578.0849
5475.9626
4423.679
3631.7667
4923.4408
4789.5811
5365.9476
6667.1981
3899.0931
5055.7178
 
Accuracy
0.00322222709655762
-0.00074411928653717
0.0103874206542969
0.00288370251655579
0.0112857818603516
-0.00304591655731201
0.000332355499267578
-0.0015692412853241
-0.00327777862548828
0.00812369585037231
0.00285041332244873
-0.0074155330657959
-0.00904941558837891
0.0031120777130127
0.0130534172058105
0.00421279668807983
-0.0066525936126709
-0.00215864181518555
0.00115251541137695
-0.00123852491378784
0.00112366676330566
-0.0010187029838562
-0.00904905796051025
0.000408768653869629
0.00348544120788574
-0.00290846824645996
0.0131440162658691
-0.00534904003143311
-0.00338625907897949
-0.0067983865737915
0.0105938911437988
