2022-03-17T10:59:34Z
 
Distance to Knob
-1.37915796047309
1.58889198303223
-1.68980723619461
1.67543816566467
-1.43250544369221
1.66759729385376
-1.41396945714951
-1.41664397716522
1.47846341133118
1.55393218994141
2.14494407176971
-1.80343890190125
1.87091994285584
-2.06998062133789
-2.01952904462814
1.81862235069275
-1.92869794368744
2.14121603965759
1.78590488433838
-1.75236570835114
-3.16297024488449
3.11859560012817
-2.91304701566696
2.86801314353943
-3.09525793790817
2.78114724159241
-2.87676960229874
2.99803519248962
-3.1547719836235
2.95184254646301
 
Time Taken
6687.5793
7386.9684
8212.0779
10199.544
4566.633
10167.1301
5189.1383
4365.8548
6066.8374
10143.9749
5623.6931
9287.4748
12488.9985
9133.1678
9265.7979
7622.9514
14255.9368
5099.5368
6754.4476
10546.0261
7255.2788
8422.2827
4242.6429
5955.8168
5843.0235
4833.2345
4424.9918
13065.4903
4523.3787
3520.6295
4855.9597
 
Accuracy
-0.000573694764170796
0.00667345523834229
-0.0144988894462585
-0.0062490701675415
-0.00881488621234894
-0.018934965133667
-0.0104886889457703
-0.00707423686981201
0.0037081241607666
-0.00146305561065674
-0.00880336761474609
0.0181136131286621
-0.00495004653930664
-0.0161871910095215
-0.00362938642501831
-0.0119098424911499
0.00480067729949951
-0.00249576568603516
-0.00676357746124268
0.0137934684753418
-0.00746828317642212
0.00530290603637695
-0.00858014822006226
0.0213346481323242
0.00587922334671021
-0.0185801982879639
0.00195831060409546
-0.0168828964233398
0.00506621599197388
9.1552734375E-05
0.00262796878814697
