2022-03-01T14:45:16Z
 
Distance to Knob
2.80294966697693
-2.87947203218937
3.01867723464966
-3.17352479696274
2.95309472084045
-1.37500206381083
1.57592284679413
-1.66362136602402
1.68835163116455
-1.42550903558731
1.68606853485107
-1.42083847522736
-1.40204882621765
1.49112367630005
1.55850648880005
2.15133213996887
-1.7680196762085
1.88418591022491
-1.94594311714172
-1.09518180042505
1.85550236701965
-1.94049739837646
2.14525294303894
1.77715492248535
-1.76202571392059
-3.14450621604919
3.10720038414001
-2.91248196363449
2.86051058769226
-3.08740317821503
 
Time Taken
2588.7787
2566.4608
2367.4506
2109.5605
2080.0024
2787.4706
2312.1415
2042.7732
2888.227
2323.4173
1778.1537
17054.0928
1966.4705
1966.7936
2299.6771
2599.8509
13011.1502
2145.5461
1743.9194
1743.9236
1667.913
2186.4457
1901.7375
2177.1304
1700.4565
2887.4547
2312.5564
2343.2406
4157.7452
2399.317
2465.2405
 
Accuracy
0.00322222709655762
-0.00074411928653717
0.00375914573669434
-0.0136865973472595
0.00134372711181641
0.00358220189809799
-0.00629568099975586
0.0116869807243347
0.00666439533233643
-0.00181847810745239
-0.000463724136352539
-0.0173577070236206
0.00752091407775879
0.0163683891296387
0.00311124324798584
-0.00241529941558838
0.0535328388214111
0.00831592082977295
0.107850313186646
0.920717857778072
0.0249701738357544
-0.00699877738952637
0.0015411376953125
-0.01551353931427
0.00413346290588379
0.0109957456588745
-0.00609230995178223
-0.00801509618759155
0.0138320922851563
0.013733983039856
0.0145559310913086
