2022-03-01T16:49:13Z
 
Distance to Knob
2.79300761222839
-2.85295955836773
3.05844593048096
-3.17352479696274
2.9729790687561
-1.3551177084446
1.57260870933533
-1.6238526403904
1.65189695358276
-1.4023106098175
1.60321712493896
-1.37112760543823
-1.40204882621765
1.51763606071472
1.55519241094589
2.08120453357697
-1.77849411964417
1.69463658332825
-2.02612853050232
-2.11324590444565
1.84159803390503
-1.93120324611664
2.14129090309143
1.84941625595093
-1.81569874286652
-3.13852608203888
3.13969302177429
-2.91975808143616
2.85986256599426
-3.03502625226974
 
Time Taken
2628.002
1998.7497
1628.0014
1415.9999
1610.018
1391.6462
1615.9675
1969.0031
1531.3502
1640.7172
1861.0034
1060.0256
1272.9733
1235.1856
984.0088
1217.6955
1888.0016
1111.9983
1340.0015
1292.5308
1472.9997
1317.7035
1420.0263
1111.9729
1611.9985
1663.7531
1304.9991
1183.0001
1447.0316
1184.9663
1365.5942
 
Accuracy
-0.00671982765197754
0.0257683545351028
0.0435278415679932
-0.0136865973472595
0.0212280750274658
0.023466557264328
-0.00960981845855713
0.0514557063579559
-0.0297902822494507
0.0213799476623535
-0.0833151340484619
0.0323531627655029
0.00752091407775879
0.0428807735443115
-0.000202834606170654
0.0274112224578857
0.0430583953857422
-0.161233425140381
0.0276648998260498
-0.0973462462425232
0.0110658407211304
0.00229537487030029
-0.00242090225219727
0.0567477941513062
-0.0495395660400391
0.0169758796691895
0.0264003276824951
-0.0152912139892578
0.0131840705871582
0.0661109089851379
-0.0656294822692871
