2022-03-03T14:53:05Z
 
Distance to Knob
-1.35062620788813
1.59573614597321
-1.67636688053608
1.70628702640533
-1.44827236235142
1.7128347158432
-1.38899758458138
-1.37738835811615
1.47432971000671
1.56388521194458
2.15464919805527
-1.78834986686707
1.89806735515594
-2.00606060028076
-1.99270153045654
1.83488094806671
-1.93194538354874
2.14245641231537
1.80758607387543
-1.74721133708954
-3.13285303115845
3.12894344329834
-2.9024572968483
2.85452103614807
-3.07403069734573
2.7813618183136
-2.87313967943192
3.04186797142029
-3.15326648950577
2.98457455635071
 
Time Taken
38451.8588
5099.7973
4569.2033
5179.2855
6795.7051
5277.3485
4744.1023
8521.1456
6121.8939
4878.0384
7554.9962
4644.9352
6665.4774
6601.0242
5608.5319
6664.2866
9889.6003
10734.5431
9188.2568
8178.3087
21119.6268
7723.1638
7544.7505
15377.4079
6267.0739
6887.6824
5199.4202
5977.9698
6322.8415
5645.1494
6599.2783
 
Accuracy
0.027958057820797
0.0135176181793213
-0.00105853378772736
0.0245997905731201
-0.0245818048715591
0.0263024568557739
0.0144831836223602
0.0321813821792603
-0.000425577163696289
0.00848996639251709
0.000901758670806885
0.0332026481628418
0.0221973657608032
0.0477328300476074
0.023198127746582
0.0043487548828125
0.0015532374382019
-0.00125539302825928
0.0149176120758057
0.0189478397369385
0.0226489305496216
0.015650749206543
0.00200957059860229
0.0078425407409668
0.0271064639091492
-0.0183656215667725
0.00558823347091675
0.0269498825073242
0.00657171010971069
0.0328235626220703
-0.00875404477119446
