2022-03-01T17:03:06Z
 
Distance to Knob
2.79300761222839
-2.88278609514236
3.02199149131775
-3.16026857495308
2.94978070259094
-1.3551177084446
1.58586502075195
-1.69013383984566
1.69829380512238
-1.40562468767166
1.6993248462677
-1.39432603120804
-1.40204882621765
1.47786736488342
1.54193615913391
2.07789051532745
-1.82489109039307
1.87028169631958
-2.05926918983459
-2.01382410526276
1.81177151203156
-1.93783134222031
2.14129090309143
1.80633348226547
-1.75935971736908
-3.1484682559967
3.11980867385864
-2.87004715204239
2.85323452949524
-3.1178777217865
 
Time Taken
4203.0182
4111.6253
2299.1127
2390.0019
2078.1255
2444.1613
2373.2216
2733.2812
2112.5167
1675.8889
2011.7323
2755.1454
1777.9483
2222.184
1767.0397
2176.204
3712.7612
2454.5578
2187.7759
1803.5129
2081.3785
2912.1892
2245.3914
3333.1419
2118.7061
2250.9734
1988.7506
2410.4204
2232.8639
2256.3345
2022.1261
 
Accuracy
-0.00671982765197754
-0.00405818223953247
0.00707340240478516
-0.000430375337600708
-0.00197029113769531
0.023466557264328
0.00364649295806885
-0.0148254930973053
0.0166065692901611
0.018065869808197
0.0127925872802734
0.00915473699569702
0.00752091407775879
0.0031120777130127
-0.0134590864181519
0.024097204208374
-0.00333857536315918
0.0144116878509521
-0.00547575950622559
0.00207555294036865
-0.0187606811523438
-0.00433272123336792
-0.00242090225219727
0.0136650204658508
0.00679945945739746
0.00703370571136475
0.0065159797668457
0.0344197154045105
0.00655603408813477
-0.0167405605316162
0.00727987289428711
