2022-03-17T14:25:09Z
 
Distance to Knob
-1.15308646857738
1.54384279251099
-1.67676623165607
1.68456506729126
-1.43491347134113
1.63728380203247
-1.41347673535347
-1.39259946346283
1.40679669380188
1.55904626846313
2.14614361524582
-1.78956699371338
1.87653172016144
-2.0376410484314
-2.00499945878983
1.80030930042267
-1.92627501487732
2.15169358253479
1.75993710756302
-1.73434722423553
-3.14925128221512
3.07330393791199
-2.89741671085358
2.84224939346313
-3.09661340713501
2.8169686794281
-2.90156412124634
2.96640300750732
-3.1628702878952
2.89851689338684
 
Time Taken
37710.1383
6776.8503
3910.0549
3600.3528
3477.1517
3190.2399
3621.0928
3133.3668
3622.2763
3510.5174
3133.2891
3488.4042
4100.4671
3444.959
3721.3101
3044.2622
2800.1851
2589.523
2267.4366
2776.3577
3155.4797
2800.3741
3255.8347
2621.9317
2632.821
2233.9172
2201.1051
2354.3692
2790.0496
2920.5726
2745.7421
 
Accuracy
0.225497797131538
-0.0383757352828979
-0.00145788490772247
0.00287783145904541
-0.0112229138612747
-0.0492484569549561
-0.0099959671497345
0.0169702768325806
-0.0679585933685303
0.00365102291107178
-0.00760382413864136
0.0319855213165283
0.000661730766296387
0.0161523818969727
0.0109001994132996
-0.0302228927612305
0.00722360610961914
0.00798177719116211
-0.0327313542366028
0.0318119525909424
0.00625067949295044
-0.0399887561798096
0.00705015659332275
-0.00442910194396973
0.00452375411987305
0.0172412395477295
-0.0228362083435059
-0.0485150814056396
-0.00303208827972412
-0.0532341003417969
-0.00324010848999023
