2022-03-04T13:36:25Z
 
Distance to Knob
-1.38930118177086
1.58237671852112
-1.67200282216072
1.7025066614151
-1.43668472766876
1.69278371334076
-1.42874991893768
-1.38946175575256
1.50497841835022
1.56883484125137
2.15661615133286
-1.83360075950623
1.88688111305237
-2.05484437942505
-2.00101238489151
1.8281843662262
-1.9455561041832
2.14537847042084
1.7962532043457
-1.76054179668427
-3.17317259311676
3.11137700080872
-2.93747001886368
2.85071325302124
-3.09027993679047
2.79924631118774
-2.90525662899017
3.00502490997314
-3.14965093135834
2.93346047401428
 
Time Taken
6953.9615
3944.5203
4154.4191
4022.0103
5555.1905
3921.7745
3355.6933
4310.1036
4400.7704
4966.475
4288.6526
5677.5707
5111.6139
5744.1017
6654.7639
5309.1496
6787.8347
5866.544
5560.2835
5279.1684
5354.0326
6122.1919
5855.7892
4300.1031
5417.151
6221.5038
5489.0633
5310.8215
5556.1388
5455.1521
6489.4165
 
Accuracy
-0.0107169160619378
0.000158190727233887
0.00330552458763123
0.0208194255828857
-0.0129941701889038
0.00625145435333252
-0.0252691507339478
0.0201079845428467
0.0302231311798096
0.0134395956993103
0.00286871194839478
-0.0120482444763184
0.0110111236572266
-0.00105094909667969
0.014887273311615
-0.00234782695770264
-0.0120574831962585
0.00166666507720947
0.00358474254608154
0.00561738014221191
-0.0176706314086914
-0.00191569328308105
-0.0330031514167786
0.00403475761413574
0.0108572244644165
-0.000481128692626953
-0.0265287160873413
-0.00989317893981934
0.0101872682571411
-0.0182905197143555
0.0160668194293976
