2022-03-09T16:06:46Z
 
Distance to Knob
-1.37279665423557
1.58056128025055
-1.66133260726929
1.67577838897705
-1.41411492228508
1.67401325702667
-1.40887227654457
-1.41304087638855
1.47749662399292
1.5583524107933
2.16957622766495
-1.83406567573547
1.87174892425537
-2.03240370750427
-1.99548107385635
1.83180785179138
-1.91838580369949
2.14572668075562
1.82584941387177
-1.7238894701004
-3.1739981174469
3.13325333595276
-2.90785944461823
2.84018659591675
-3.09924644231796
2.78612279891968
-2.87645867466927
3.01358962059021
-3.16882526874542
2.94259738922119
 
Time Taken
3477.3649
3845.0554
2164.9743
2990.4416
2523.5915
3276.5344
2476.0668
3545.2432
5233.8812
5254.6423
4467.4274
2532.4358
3422.0007
2733.8953
2691.525
3041.947
2377.5149
3112.1781
9175.7442
6189.5376
5234.0298
3421.0411
2789.7276
2390.2316
2532.8886
3454.549
2299.6992
3854.9335
2424.613
3098.8291
2610.838
 
Accuracy
0.00578761147335172
-0.00165724754333496
0.0139757394790649
-0.00590884685516357
0.00957563519477844
-0.0125190019607544
-0.00539150834083557
-0.00347113609313965
0.00274133682250977
0.00295716524124146
0.0158287882804871
-0.0125131607055664
-0.00412106513977051
0.0213897228240967
0.0204185843467712
0.00127565860748291
0.0151128172874451
0.0020148754119873
0.0331809520721436
0.0422697067260742
-0.0184961557388306
0.0199606418609619
-0.00339257717132568
-0.00649189949035645
0.00189071893692017
-0.0136046409606934
0.00226923823356628
-0.00132846832275391
-0.00898706912994385
-0.00915360450744629
0.000145435333251953
