2022-03-07T18:18:40Z
 
Distance to Knob
-1.37567307520658
1.57436978816986
-1.67605495452881
1.67982256412506
-1.41977240145206
1.70428943634033
-1.40864080190659
-1.40371721982956
1.48527073860168
1.57265454530716
2.16093254089355
-1.80746912956238
1.87731850147247
-2.05817294120789
-2.00339758396149
1.83994436264038
-1.93235868215561
2.15842592716217
1.79316967725754
-1.75019705295563
-3.14859461784363
3.1096031665802
-2.91928964853287
2.86282205581665
-3.09848004579544
2.81376886367798
-2.8818553686142
3.02905249595642
-3.16711312532425
2.96138095855713
 
Time Taken
7533.8368
5931.5322
6233.5415
8011.0472
8333.0071
6122.4614
6921.5918
7155.2514
6545.1105
5244.3163
7355.6552
7042.7393
8835.035
6143.9065
5543.2959
14211.4784
7232.3927
10544.6962
8187.3236
6734.1996
16822.766
9664.7524
17066.6642
10912.6681
7585.5951
6958.6039
13697.7759
6188.0727
7900.5103
7366.5415
8554.7298
 
Accuracy
0.00291119050234556
-0.00784873962402344
-0.000746607780456543
-0.00186467170715332
0.00391815602779388
0.0177571773529053
-0.00516003370285034
0.00585252046585083
0.0105154514312744
0.0172592997550964
0.00718510150909424
0.0140833854675293
0.00144851207733154
-0.0043795108795166
0.0125020742416382
0.00941216945648193
0.00113993883132935
0.0147141218185425
0.00050121545791626
0.0159621238708496
0.00690734386444092
-0.00368952751159668
-0.014822781085968
0.0161435604095459
0.00265711545944214
0.0140414237976074
-0.00312745571136475
0.014134407043457
-0.00727492570877075
0.00962996482849121
-0.00484049320220947
