2022-03-29T16:35:15Z
 
Distance to Knob
2.15152841806412
-1.8195116519928
1.88151544332504
-2.06185603141785
-2.0126958489418
-0.18266636133194
-2.1157129406929
0.0283703207969666
1.82068365812302
0.0544912219047546
-3.10105842351913
0.0121861100196838
-2.89311522245407
-0.0449268221855164
-3.14698284864426
-0.347725331783295
-3.22640055418015
-0.211643874645233
-3.37079960107803
-0.417549550533295
-1.79694694280624
-0.215440213680267
-1.89105850458145
-0.209282338619232
-1.63246375322342
0.0537863373756409
-1.34911328554153
-2.75911957025528
-1.28437370061874
0.271131813526154
 
Time Taken
2278.0931
3935.6615
3364.8438
2754.1328
3146.4364
3827.392
255.7473
221.8161
213.2192
27254.1541
246.1991
210.0143
198.9413
288.2007
199.3758
200.1646
199.986
199.9187
322.9168
299.7127
222.5491
232.5225
410.4331
401.7239
346.5654
344.4455
299.7434
286.4387
299.3787
521.3112
368.6764
 
Accuracy
-0.00221890211105347
0.00204086303710938
0.00564521551132202
-0.00806260108947754
0.00320380926132202
-2.01319855451584
-0.182214319705963
-2.11534148454666
0.0280151963233948
1.82065039873123
0.0544435381889343
-3.10110658407211
0.0113516449928284
-2.89160531759262
-0.0458456873893738
-3.14745277166367
-0.347672641277313
-3.2265619635582
-0.210961401462555
-3.36930054426193
-0.418362677097321
-1.79765874147415
-0.215750157833099
-1.89096957445145
-0.208773195743561
-1.63274592161179
0.0543674826622009
-1.34954982995987
-2.75912898778915
-1.28426343202591
0.271004617214203
