2022-03-08T14:29:40Z
 
Distance to Knob
2.14862406253815
-1.83686900138855
1.86931258440018
-2.05887770652771
-2.03038018941879
1.83857476711273
-1.93892759084702
2.1670548915863
1.80474847555161
-1.76876842975616
-3.14399367570877
3.12994360923767
-2.89763849973679
2.89325022697449
-3.10697883367538
2.83715438842773
-2.90098169445992
3.05873489379883
-3.16305685043335
2.97752404212952
-1.39658215641975
1.59705901145935
-1.6635904610157
1.70520806312561
-1.41727259755135
1.69452971220016
-1.41342920064926
-1.43114984035492
1.49401473999023
1.54875707626343
 
Time Taken
7856.3452
2699.9788
3577.1639
3355.4319
3132.8444
2955.3985
2766.2986
3344.5222
2921.0717
2689.97
3955.209
4177.9639
3625.1089
2941.7596
5844.8229
3042.9329
3268.0386
2976.8987
4133.2851
2498.4818
2811.3212
2645.6738
2887.3766
3601.2973
3921.4492
3433.7277
3499.6357
2143.8243
2612.8457
3210.1619
4822.1259
 
Accuracy
-0.00512325763702393
-0.0153164863586426
-0.0065576434135437
-0.00508427619934082
-0.0144805312156677
0.00804257392883301
-0.0054289698600769
0.0233430862426758
0.0120800137519836
-0.0026092529296875
0.0115082859992981
0.016650915145874
0.00682836771011353
0.0465717315673828
-0.00584167242050171
0.0374269485473633
-0.0222537815570831
0.0438168048858643
-0.00321865081787109
0.0257730484008789
-0.0179978907108307
0.0148404836654663
0.0117178857326508
0.023520827293396
0.00641795992851257
0.00799745321273804
-0.00994843244552612
-0.0215801000595093
0.0192594528198242
-0.00663816928863525
-0.00197458267211914
