2022-03-05T11:21:21Z
 
Distance to Knob
2.85266065597534
-2.8496455103159
3.02530550956726
-3.14369827508926
2.94978070259094
-1.35843177139759
1.6057493686676
-1.65367919206619
1.69166564941406
-1.40562468767166
1.70926702022552
-1.37112760543823
-1.38879257440567
1.48780965805054
1.57176268100739
2.0745764374733
-1.79837846755981
1.8802238702774
-2.0195004940033
-1.98731166124344
1.83828401565552
-1.90800482034683
2.15123307704926
1.80633348226547
-1.7262190580368
-3.14184010028839
3.11649441719055
-2.87998932600021
2.85654854774475
-3.09136521816254
 
Time Taken
3477.4119
3765.7414
3699.4926
3899.8968
3822.1761
3655.5453
3055.397
3677.561
3933.5212
4033.4474
4789.5489
4343.3332
3066.8495
4433.6113
3755.7104
3976.639
4645.0865
3944.8953
3810.2148
5878.5901
4933.0053
3344.5429
4021.2299
3200.1383
3222.3268
3856.5754
4720.969
3733.2951
3745.9782
4065.9315
4256.0948
 
Accuracy
0.0529332160949707
0.029082402586937
0.0103874206542969
0.0161399245262146
-0.00197029113769531
0.0201524943113327
0.0235308408737183
0.0216291546821594
0.00997841358184814
0.018065869808197
0.0227347612380981
0.0323531627655029
0.02077716588974
0.013054370880127
0.0163674354553223
0.0207831263542175
0.0231740474700928
0.0243538618087769
0.0342929363250732
0.0285879969596863
0.00775182247161865
0.0254938006401062
0.00752127170562744
0.0136650204658508
0.0399401187896729
0.0136618614196777
0.00320172309875488
0.0244775414466858
0.00987005233764648
0.00977194309234619
-0.00266242027282715
