2022-03-01T16:21:02Z
 
Distance to Knob
2.80957794189453
-2.87615798413754
3.01536321640015
-3.20003727078438
2.95972275733948
-1.37500206381083
1.57923686504364
-1.67024949193001
1.68172347545624
-1.41888090968132
1.67944049835205
-1.41089630126953
-1.39873474836349
1.45466899871826
1.55519241094589
2.16458839178085
-1.77133369445801
1.87424373626709
-1.94925713539124
-2.01649016141891
1.84887421131134
-1.92392712831497
2.16182315349579
1.79703933000565
-1.78191006183624
-3.16439056396484
3.11714243888855
-2.90916788578033
2.84394025802612
-3.09734535217285
 
Time Taken
2391.0608
2076.9749
2143.1677
1656.3994
3799.5083
2565.3825
2323.1664
2388.1134
2455.6847
3100.2918
1546.8221
68532.1335
3611.1444
2589.3234
2551.5096
2112.0327
3477.8008
2985.9604
1998.2896
2206.418
2100.2265
1899.7323
2022.4874
2876.7321
2512.338
2022.0352
2433.4959
2665.5822
4287.5641
2000.1416
3000.2502
 
Accuracy
0.00985050201416016
0.00256992876529694
0.000445127487182617
-0.0401990711688995
0.00797176361083984
0.00358220189809799
-0.00298166275024414
0.00505885481834412
3.62396240234375E-05
0.00480964779853821
-0.00709176063537598
-0.0074155330657959
0.0108349919319153
-0.0200862884521484
-0.000202834606170654
0.0108409523963928
0.0502188205718994
-0.00162625312805176
0.104536294937134
-0.000590503215789795
0.0183420181274414
0.00957149267196655
0.0181113481521606
0.00437086820602417
-0.0157508850097656
-0.0088886022567749
0.00384974479675293
-0.00470101833343506
-0.00273823738098145
0.00379180908203125
-0.0020143985748291
