2022-03-14T14:52:59Z
 
Distance to Knob
2.14050275087357
-1.83097863197327
1.88411098718643
-2.06023144721985
-2.00016868114471
1.8450767993927
-1.939747184515
2.14995265007019
1.78382056951523
-1.72714340686798
-3.13991320133209
3.0986647605896
-2.90640044212341
2.87056994438171
-3.08062624931335
2.79141616821289
-2.8715845644474
3.02920866012573
-3.14155504107475
2.92057919502258
-1.36230075359344
1.60119807720184
-1.64937129616737
1.70418679714203
-1.43267953395844
1.69535744190216
-1.40504366159439
-1.41851526498795
1.48687028884888
1.55731308460236
 
Time Taken
1723.0006
2066.5064
2133.3844
2246.0704
2220.6556
3821.3558
2978.0573
4233.3299
2822.955
2220.4062
2322.7297
3078.8441
2599.6987
2598.7805
2145.0615
3276.9797
3534.3386
2855.4072
2623.6796
3599.9818
2565.2168
2089.433
2110.7651
2989.196
2544.335
2566.2811
2633.0364
3987.6724
2001.2221
3710.8899
2777.3649
 
Accuracy
-0.0132445693016052
-0.00942611694335938
0.00824075937271118
-0.00643801689147949
0.0157309770584106
0.0145446062088013
-0.00624856352806091
0.0062408447265625
-0.00884789228439331
0.0390157699584961
0.0155887603759766
-0.0146279335021973
-0.00193357467651367
0.0238914489746094
0.0205109119415283
-0.00831127166748047
0.00714334845542908
0.0142905712127686
0.0182831585407257
-0.0311717987060547
0.0162835121154785
0.018979549407959
0.0259370505809784
0.0224995613098145
-0.00898897647857666
0.00882518291473389
-0.00156289339065552
-0.0089455246925354
0.0121150016784668
0.00191783905029297
0.0149435997009277
