2022-02-14T14:54:08Z
 
Distance to Knob
-1.7716872766614
-0.216292016208172
-1.61977268010378
0.0667594745755196
-1.34281016141176
0.131945125758648
-1.24663913995028
-2.67032969743013
-1.08811105042696
0.587197296321392
2.74094473570585
0.865074567496777
2.79857312887907
1.03241407126188
-0.983485706150532
1.1602260991931
-0.893567271530628
-2.72409952431917
-0.902547009289265
0.890121512115002
-2.26538027077913
0.894457869231701
-2.01000893861055
1.00490915030241
-1.87381876260042
0.92590855807066
-2.02584243565798
1.07529460638762
-2.03799796849489
0.808680646121502
 
Time Taken
618.0024
433.5982
367.3542
369.4005
370.1859
371.9466
369.7806
364.6063
431.3336
347.0732
351.9593
350.8553
326.1801
335.8686
347.9941
353.2628
372.0433
325.4933
352.2758
333.7512
530.424
465.5805
319.9946
357.3458
319.3634
356.7124
329.9344
 
Accuracy
-1.7716872766614
-0.216292016208172
-1.61977268010378
0.0667594745755196
-1.34281016141176
0.131945125758648
-1.24663913995028
-2.67032969743013
-1.08811105042696
2.74094473570585
0.865074567496777
2.79857312887907
1.03241407126188
-0.983485706150532
1.1602260991931
-0.893567271530628
-2.72409952431917
-0.902547009289265
-2.26538027077913
0.894457869231701
-2.01000893861055
1.00490915030241
-1.87381876260042
0.92590855807066
-2.02584243565798
1.07529460638762
-2.03799796849489
