2022-03-07T14:21:26Z
 
Distance to Knob
-1.35915712453425
1.57167565822601
-1.67681887745857
1.69704878330231
-1.3895111232996
1.65813553333282
-1.44213962554932
-1.38958245515823
1.50421905517578
1.55244755744934
2.18376904726028
-1.77049684524536
1.89288222789764
-2.00098872184753
-2.00652033090591
1.81258535385132
-1.93133145570755
2.16245174407959
1.77716732025146
-1.73473060131073
-3.12212669849396
3.10319328308105
-2.878462433815
2.80826330184937
-3.10001337528229
2.76080417633057
-2.84214773774147
2.97683095932007
-3.20368158817291
2.96827912330627
 
Time Taken
2399.2631
3211.8064
2945.2996
3220.4003
2877.8911
3499.6249
2778.4122
3877.0153
6356.1178
3678.3863
3387.97
3835.0152
5397.9304
4867.0502
3734.7117
4277.6402
3909.4428
2577.9382
2787.9837
5424.1036
2965.9062
3455.236
3544.7682
3355.0124
3177.8648
4055.7822
5480.3765
3021.038
3621.2943
3621.1433
3623.3096
 
Accuracy
0.019427141174674
-0.0105428695678711
-0.00151053071022034
0.0153615474700928
0.0341794341802597
-0.0283967256546021
-0.0386588573455811
0.0199872851371765
0.0294637680053711
-0.00294768810272217
0.030021607875824
0.0510556697845459
0.0170122385025024
0.052804708480835
0.00937932729721069
-0.0179468393325806
0.00216716527938843
0.0187399387359619
-0.0155011415481567
0.0314285755157471
0.0333752632141113
-0.0100994110107422
0.026004433631897
-0.0384151935577393
0.00112378597259521
-0.0389232635498047
0.0365801751613617
-0.0380871295928955
-0.0438433885574341
0.0165281295776367
-0.0237709283828735
