2022-03-02T14:05:02Z
 
Distance to Knob
0.128504171967506
-2.86952985823154
3.02530550956726
-3.20335131883621
2.93983840942383
-1.39488641917706
1.57923686504364
-1.66030728816986
1.67840945720673
-1.41556686162949
1.68938267230988
-1.38769787549973
-1.40204882621765
1.49443769454956
1.56182050704956
2.06794828176498
-1.83151912689209
1.85702538490295
-2.03938484191895
-2.02045220136642
1.8316558599472
-1.89143455028534
2.13797676563263
1.78644913434982
-1.74610340595245
-3.1484682559967
3.0966100692749
-2.89324557781219
2.85654854774475
-3.09136521816254
 
Time Taken
4722.8595
2889.4655
2400.0495
1733.5145
2800.084
2198.9652
2055.3332
2221.1388
2141.0128
1976.7974
1911.9117
2477.2904
2467.0729
2566.8831
2165.4977
2357.1543
2898.4286
2866.4204
2378.2932
2409.1777
2600.0563
3540.1165
2433.6125
2285.7811
2989.7058
2674.0963
3110.0713
2900.7786
2666.2145
4586.8487
2921.1555
 
Accuracy
-2.67122326791286
0.00919805467128754
0.0103874206542969
-0.0435131192207336
-0.0119125843048096
-0.016302153468132
-0.00298166275024414
0.0150010585784912
-0.00327777862548828
0.00812369585037231
0.00285041332244873
0.01578289270401
0.00752091407775879
0.0196824073791504
0.00642526149749756
0.0141549706459045
-0.00996661186218262
0.00115537643432617
0.0144085884094238
-0.00455254316329956
0.00112366676330566
0.0420640707015991
-0.00573503971099854
-0.00621932744979858
0.0200557708740234
0.00703370571136475
-0.0166826248168945
0.0112212896347046
0.00987005233764648
0.00977194309234619
0.0238502025604248
