2022-03-15T14:45:16Z
 
Distance to Knob
-1.39079477451742
1.55608010292053
-1.69675266742706
1.64037823677063
-1.4465333968401
1.66581213474274
-1.40822556614876
-1.42669034004211
1.508225440979
1.55697649717331
2.18899291753769
-1.79249000549316
1.86778175830841
-2.00692582130432
-2.00330018997192
1.82795786857605
-1.90703910589218
2.13076543807983
1.77609044313431
-1.73847138881683
-3.16938322782516
3.10596632957459
-2.88963133096695
2.85273146629334
-3.09790933132172
2.81161522865295
-2.85574606060982
2.98485469818115
-3.14261907339096
2.94056248664856
 
Time Taken
1922.829
2143.9393
2844.4514
4188.6044
2944.9113
3289.1072
2732.982
3356.0505
3387.8688
2099.8633
2756.3319
6210.4556
3967.1469
2688.423
3055.617
2332.3384
2289.0776
2221.9823
2644.1799
3944.4203
2188.5219
3622.4034
2410.4349
7177.5886
2866.7282
2555.6377
3677.355
3489.6254
2728.8797
2426.3003
2320.977
 
Accuracy
-0.0122105088084936
-0.0261384248733521
-0.0214443206787109
-0.0413089990615845
-0.0228428393602371
-0.0207201242446899
-0.00474479794502258
-0.0171205997467041
0.0334701538085938
0.00158125162124634
0.0352454781532288
0.0290625095367432
-0.00808823108673096
0.0468676090240479
0.0125994682312012
-0.00257432460784912
0.0264595150947571
-0.0129463672637939
-0.0165780186653137
0.0276877880096436
-0.0138812661170959
-0.00732636451721191
0.01483553647995
0.00605297088623047
0.0032278299331665
0.011887788772583
0.0229818522930145
-0.0300633907318115
0.0172191262245178
-0.0111885070800781
0.0197503864765167
