2022-03-17T10:39:20Z
 
Distance to Knob
2.80957794189453
-2.87615798413754
3.02530550956726
-3.16026857495308
2.95972275733948
-1.37831611931324
1.58586502075195
-1.67687758803368
1.68503749370575
-1.42882308363914
1.67944049835205
-1.41089630126953
-1.40867698192596
1.48118138313293
1.56182050704956
2.05469208955765
-1.82157707214355
1.85702538490295
-2.05926918983459
-2.01713818311691
1.83496999740601
-1.93120324611664
2.14129090309143
1.78976321220398
-1.78255808353424
-3.15841042995453
3.12312269210815
-2.90650182962418
2.84329223632813
-3.10462146997452
 
Time Taken
4944.0421
7156.4718
7532.1412
4852.9951
5295.9073
4821.2567
4966.8962
6244.0739
5589.3699
3996.2345
6417.4671
4437.8449
3355.0804
5089.5571
4666.6722
4858.0626
4800.7196
7673.3684
10421.2625
6101.5248
5088.1597
3862.5181
9693.685
4634.0509
3599.4744
4637.9165
6660.0211
4093.4663
5325.7423
4615.7918
9790.1697
 
Accuracy
0.00985050201416016
0.00256992876529694
0.0103874206542969
-0.000430375337600708
0.00797176361083984
0.000268146395683289
0.00364649295806885
-0.0015692412853241
0.00335025787353516
-0.0051325261592865
-0.00709176063537598
-0.0074155330657959
0.000892758369445801
0.00642609596252441
0.00642526149749756
0.000898778438568115
-2.45571136474609E-05
0.00115537643432617
-0.00547575950622559
-0.00123852491378784
0.00443780422210693
0.00229537487030029
-0.00242090225219727
-0.00290524959564209
-0.0163989067077637
-0.00290846824645996
0.00982999801635742
-0.00203496217727661
-0.00338625907897949
-0.00348430871963501
0.00727987289428711
