2022-03-17T10:48:13Z
 
Distance to Knob
2.14352738857269
-1.83706998825073
1.87026625871658
-2.06900882720947
-2.01806020736694
1.83223485946655
-1.93822550773621
2.14772844314575
1.78045189380646
-1.76279485225677
-3.15390396118164
3.11970233917236
-2.91016662120819
2.85100173950195
-3.11265444755554
2.80738186836243
-2.87876084446907
3.02521514892578
-3.15365895628929
2.95644235610962
-1.37441301345825
1.58738899230957
-1.68161079287529
1.6807062625885
-1.43909725546837
1.68121612071991
-1.41863137483597
-1.40484702587128
1.48136472702026
1.54627931118011
 
Time Taken
3900.1896
4399.2338
4356.5303
4354.6502
5222.3166
5276.6543
4399.5319
7798.8177
5188.2806
4412.0981
5143.9192
5521.956
5145.1989
5966.8206
4476.166
5067.4547
6277.221
4855.393
4877.7169
5112.5271
4776.7398
4022.1905
3643.7138
5956.2169
3811.8553
4598.9902
4576.8287
4222.9009
5744.8769
4932.713
3878.5059
 
Accuracy
-0.010219931602478
-0.0155174732208252
-0.00560396909713745
-0.0152153968811035
-0.00216054916381836
0.00170266628265381
-0.00472688674926758
0.00401663780212402
-0.0122165679931641
0.00336432456970215
0.00159800052642822
0.00640964508056641
-0.0056997537612915
0.00432324409484863
-0.0115172863006592
0.00765442848205566
-3.29315662384033E-05
0.0102970600128174
0.00617924332618713
0.00469136238098145
0.00417125225067139
0.00517046451568604
-0.00630244612693787
-0.000980973243713379
-0.0154066979885101
-0.00531613826751709
-0.0151506066322327
0.0047227144241333
0.00660943984985352
-0.00911593437194824
-0.0109925270080566
