2022-03-11T13:40:20Z
 
Distance to Knob
-1.38921525143087
1.56676924228668
-1.66735565662384
1.69139528274536
-1.45887602865696
1.68818271160126
-1.38536715507507
-1.39209973812103
1.48031449317932
1.55951118469238
2.16824108362198
-1.83113622665405
1.90757179260254
-2.02773070335388
-2.00085544586182
1.84471619129181
-1.91640245914459
2.17049539089203
1.80452483892441
-1.75612509250641
-3.09070658683777
3.09860134124756
-2.89798492193222
2.85217356681824
-3.10394579172134
2.78945016860962
-2.88271367549896
3.01998949050903
-3.14779078960419
2.93822741508484
 
Time Taken
2089.8804
2833.5644
2986.5371
3288.6366
3554.8929
2700.5743
2744.1273
2557.1783
2488.7259
2911.094
2543.943
2911.9409
3353.8108
4501.409
3332.8007
3932.7803
2867.4387
2799.437
2500.2153
2965.2289
3122.1049
3211.7337
2879.5895
3511.1539
2987.941
3044.6092
2687.2699
2611.1225
2812.1296
2742.8254
3811.1176
 
Accuracy
-0.0106309857219458
-0.0154492855072021
0.00795269012451172
0.00970804691314697
-0.0351854711771011
0.00165045261383057
0.0181136131286621
0.0174700021743774
0.00555920600891113
0.00411593914031982
0.0144936442375183
-0.00958371162414551
0.0317018032073975
0.0260627269744873
0.0150442123413086
0.0141839981079102
0.0170961618423462
0.0267835855484009
0.0118563771247864
0.0100340843200684
0.0647953748703003
-0.0146913528442383
0.00648194551467896
0.00549507141113281
-0.00280863046646118
-0.010277271270752
-0.00398576259613037
0.00507140159606934
0.0120474100112915
-0.0135235786437988
-0.0169938802719116
