2022-03-10T16:30:00Z
 
Distance to Knob
2.80626368522644
-2.87284392118454
3.01867723464966
-3.1470123231411
2.95309472084045
-1.37168800085783
1.58917903900146
-1.66693541407585
1.68172347545624
-1.42219498753548
1.6960107088089
-1.40758228302002
-1.40867698192596
1.48118138313293
1.55850648880005
2.05469208955765
-1.82157707214355
1.85702538490295
-2.05264091491699
-2.0105100274086
1.83828401565552
-1.93451732397079
2.14791893959045
1.79307723045349
-1.76930177211761
-3.16172444820404
3.11980867385864
-2.90318775177002
2.85323452949524
-3.09467929601669
 
Time Taken
3333.0238
2822.6496
2877.7195
7338.4725
2966.4254
3365.663
2867.4871
3579.1854
2693.3795
2260.2265
3233.6772
2622.1208
4055.4614
2445.1094
2444.429
3532.4871
3944.4476
3366.565
2799.2805
2968.6841
2365.2867
2567.2445
4143.6888
2822.4033
3044.21
3266.3712
3577.9515
4133.0716
2857.7126
2331.9311
2622.0795
 
Accuracy
0.00653624534606934
0.00588399171829224
0.00375914573669434
0.0128258764743805
0.00134372711181641
0.00689626485109329
0.00696051120758057
0.00837293267250061
3.62396240234375E-05
0.00149556994438171
0.00947844982147217
-0.00410151481628418
0.000892758369445801
0.00642609596252441
0.00311124324798584
0.000898778438568115
-2.45571136474609E-05
0.00115537643432617
0.00115251541137695
0.00538963079452515
0.00775182247161865
-0.0010187029838562
0.00420713424682617
0.000408768653869629
-0.0031425952911377
-0.00622248649597168
0.0065159797668457
0.00127911567687988
0.00655603408813477
0.0064578652381897
0.00396585464477539
