2022-02-14T16:08:47Z
 
Distance to Knob
-1.68647708138451
1.40591740608215
-1.52721357345581
1.68621638417244
-1.46372364461422
1.58052889257669
-1.42220602184534
-1.37298130989075
0.924462914466858
1.68920570611954
2.14675468206406
-1.74237459897995
1.83994245529175
-1.88603627681732
-1.93471151590347
2.05593860149384
-1.78284043073654
-1.99261391162872
1.26645088195801
2.13887900114059
-3.15021902322769
3.17823481559753
-2.83728522062302
2.91125786304474
-3.01329082250595
2.8700789809227
-2.80377900600433
3.09986197948456
-3.11655116081238
2.94318610429764
 
Time Taken
3411.9475
2979.3174
2831.2915
2801.0218
2988.039
2709.6307
2957.2902
8969.8094
2550.5095
4445.31
3254.1343
8011.3579
3700.5832
2978.4348
3154.4974
3178.8833
3365.6764
3267.0573
3956.4982
3300.0262
3309.2148
3444.574
3733.1355
3567.9451
3532.0768
3668.1458
3465.7673
 
Accuracy
-0.00365221500396729
0.0281816720962524
-0.00031578540802002
0.0110316723585129
-0.00168967247009277
0.0014844536781311
0.00560283660888672
-0.479017734527588
0.0138974189758301
0.0237846374511719
0.00941020250320435
-0.0101661682128906
-0.00121289491653442
0.00214529037475586
0.00982803106307983
0.0232858657836914
-0.380075216293335
-0.00483274459838867
0.0183966159820557
0.00939339399337769
0.00679099559783936
0.00162738561630249
-0.00864911079406738
-0.00405162572860718
-0.00127506256103516
-0.00325858592987061
-0.00856494903564453
