2022-03-11T17:28:53Z
 
Distance to Knob
2.14334213733673
-1.84336185455322
1.87094664573669
-2.05549502372742
-2.01855963468552
1.83218848705292
-1.93883341550827
2.13691842556
1.800432741642
-1.769739985466
-3.16765922307968
3.1113338470459
-2.90242552757263
2.83798336982727
-3.09647864103317
2.79645419120789
-2.89296934008598
3.02158665657043
-3.15522015094757
2.94069004058838
-1.37774679064751
1.56184589862823
-1.66270536184311
1.66321551799774
-1.43061807751656
1.68560671806335
-1.40992116928101
-1.41732013225555
1.46951842308044
1.53531682491302
 
Time Taken
1687.618
2478.2118
3999.119
3390.4228
4664.4392
3933.6315
4789.9552
3632.0262
3333.2302
2956.4441
4566.5611
3500.4369
4267.2777
5753.5979
3835.0237
3297.9985
2756.7336
3510.0932
3679.4683
4088.0891
3232.1944
2790.2696
2944.1048
5945.3475
2919.9843
3313.7224
3086.6352
2555.6985
3467.1761
3754.0147
3056.7829
 
Accuracy
-0.0104051828384399
-0.0218093395233154
-0.00492358207702637
-0.00170159339904785
-0.00265997648239136
0.00165629386901855
-0.00533479452133179
-0.00679337978363037
0.00776427984237671
-0.00358080863952637
-0.0121572613716125
-0.00195884704589844
0.00204133987426758
-0.00869512557983398
0.00465852022171021
-0.00327324867248535
-0.0142414271831512
0.0066685676574707
0.00461804866790771
-0.0110609531402588
0.000837475061416626
-0.0203726291656494
0.0126029849052429
-0.0184717178344727
-0.00692752003669739
-0.000925540924072266
-0.00644040107727051
-0.00775039196014404
-0.00523686408996582
-0.0200784206390381
-0.0111209750175476
