2022-03-14T11:54:16Z
 
Distance to Knob
2.80626368522644
-2.86621579527855
3.02530550956726
-3.15364044904709
2.95640873908997
-1.37500206381083
1.59580719470978
-1.67687758803368
1.67840945720673
-1.42219498753548
1.6960107088089
-1.39432603120804
-1.40204882621765
1.48780965805054
1.55519241094589
2.05800610780716
-1.82489109039307
1.87028169631958
-2.04932689666748
-2.01382410526276
1.83828401565552
-1.92457515001297
2.16117525100708
1.79639130830765
-1.75935971736908
-3.15509635210037
3.12312269210815
-2.90318775177002
2.84660625457764
-3.09136521816254
 
Time Taken
3175.6405
2300.231
2622.5476
2455.5972
3111.8527
2776.3565
4266.8259
4066.9135
4777.7401
2312.0357
3209.5477
2833.2854
2111.4534
3044.866
3034.0173
4900.0987
2454.0593
3254.7945
2467.2429
4657.8564
4019.7239
3522.5711
2332.0499
2267.5542
2711.8837
3353.6708
2543.3644
2412.1187
3132.7312
2389.2342
2289.1314
 
Accuracy
0.00653624534606934
0.0125121176242828
0.0103874206542969
0.00619775056838989
0.00465774536132813
0.00358220189809799
0.0135886669158936
-0.0015692412853241
-0.00327777862548828
0.00149556994438171
0.00947844982147217
0.00915473699569702
0.00752091407775879
0.013054370880127
-0.000202834606170654
0.00421279668807983
-0.00333857536315918
0.0144116878509521
0.00446653366088867
0.00207555294036865
0.00775182247161865
0.00892347097396851
0.0174634456634521
0.00372284650802612
0.00679945945739746
0.000405609607696533
0.00982999801635742
0.00127911567687988
-7.22408294677734E-05
0.00977194309234619
0.0139079093933105
