2022-02-14T17:17:36Z
 
Distance to Knob
-1.67409424018115
1.4131041765213
-1.55099546909332
1.69265606999397
-1.46238622069359
1.59099463373423
-1.42677455022931
-1.36958634853363
1.4058233499527
1.68366056680679
2.15082620084286
-1.76220339536667
1.84310352802277
-1.8871260881424
-1.93432360887527
2.05615377426147
-1.79308819770813
-2.02371263504028
1.65535569190979
2.1448135972023
-3.15661382675171
3.16567778587341
-2.83563834428787
2.90045988559723
-3.01279842853546
2.88236182928085
-2.79149496555328
3.10842311382294
-3.1094913482666
2.94532209634781
 
Time Taken
3121.7323
3979.5562
3153.1294
3845.2936
3303.6149
3275.2679
3466.3355
7610.3174
3045.159
3622.3666
3557.8594
5485.9844
3393.7555
3374.2432
3409.4568
3448.453
6897.4503
4886.8974
3802.0602
3640.8818
3492.6562
3598.2969
3642.5951
3966.0809
3933.5382
3878.6681
3854.5451
 
Accuracy
0.00353455543518066
0.00439977645874023
0.00612390041351318
0.0123690962791443
0.00877606868743896
-0.00308407470583916
0.00899779796600342
0.00234270095825195
0.00835227966308594
0.00395584106445313
0.0125712752342224
-0.0112559795379639
-0.000824987888336182
0.00236046314239502
-0.000419735908508301
-0.00781285762786865
0.00882959365844727
0.00110185146331787
0.00583958625793457
0.0110402703285217
-0.00400698184967041
0.00211977958679199
0.00363373756408691
0.00823241472244263
0.00728607177734375
0.00380122661590576
-0.00642895698547363
