2022-03-10T14:30:05Z
 
Distance to Knob
2.12203150987625
-1.82105731964111
1.84758841991425
-2.05199885368347
-2.00387638807297
1.85306859016418
-1.95623350143433
2.14825594425201
1.77336603403091
-1.7750438451767
-3.15165197849274
3.09445118904114
-2.90381878614426
2.85688018798828
-3.08709096908569
2.81158518791199
-2.88874781131744
3.03227925300598
-3.15723472833633
2.96527075767517
-1.36382980644703
1.59591639041901
-1.68170511722565
1.69383656978607
-1.41284766793251
1.69462507963181
-1.39985984563828
-1.39794844388962
1.48363518714905
1.54615545272827
 
Time Taken
1889.1869
2554.9387
3031.2211
2243.8093
2377.8243
2988.9003
2767.2041
3565.8078
2444.9913
2745.6032
2442.9861
4523.2076
3856.4147
2790.477
2487.1864
3100.1293
3367.0039
3044.848
3535.0159
3064.1057
3223.0538
2188.5938
2737.6484
2489.4624
4178.6614
2687.6301
2776.9475
2511.0476
2877.936
2733.9005
3044.4857
 
Accuracy
-0.0317158102989197
0.000495195388793945
-0.0282818078994751
0.00179457664489746
0.0120232701301575
0.0225363969802856
-0.0227348804473877
0.00454413890838623
-0.0193024277687073
-0.00888466835021973
0.00384998321533203
-0.0188415050506592
0.000648081302642822
0.0102016925811768
0.0140461921691895
0.0118577480316162
-0.0100198984146118
0.0173611640930176
0.00260347127914429
0.0135197639465332
0.0147544592618942
0.0136978626251221
-0.00639677047729492
0.0121493339538574
0.010842889547348
0.00809282064437866
0.00362092256546021
0.0116212964057922
0.0088798999786377
-0.0092397928237915
0.00906306505203247
