2022-03-03T16:34:25Z
 
Distance to Knob
-1.36634147074074
1.58136200904846
-1.6571741849184
1.68977105617523
-1.42720857262611
1.68751263618469
-1.4179510474205
-1.4071638584137
1.49093794822693
1.54690980911255
2.13356107473373
-1.81126260757446
1.8678652048111
-2.04096603393555
-2.01403152942657
1.85077059268951
-1.94616657495499
2.12302529811859
1.80313360691071
-1.75591599941254
-3.14097416400909
3.124351978302
-2.90898698568344
2.83135080337524
-3.0884530544281
2.79973840713501
-2.8669328391552
3.00119137763977
-3.14361894130707
2.9629921913147
 
Time Taken
8334.2808
3021.3171
9733.3539
3044.8995
3142.931
3178.4361
3009.999
4733.5751
5166.2287
3189.5712
2575.385
14354.2033
5189.3257
6399.6604
7489.2067
2888.4062
2644.3092
2811.3612
2665.9534
2900.8113
2378.0311
3110.3462
9754.7016
3612.1031
3832.333
3121.9301
3245.6935
13166.3655
9588.8081
3243.155
6964.2506
 
Accuracy
0.0122427949681878
-0.000856518745422363
0.0181341618299484
0.00808382034301758
-0.00351801514625549
0.000980377197265625
-0.0144702792167664
0.00240588188171387
0.0161826610565186
-0.00848543643951416
-0.0201863646507263
0.0102899074554443
-0.00800478458404541
0.0128273963928223
0.00186812877655029
0.0202383995056152
-0.0126679539680481
-0.0206865072250366
0.010465145111084
0.0102431774139404
0.0145277976989746
0.0110592842102051
-0.00452011823654175
-0.0153276920318604
0.0126841068267822
1.09672546386719E-05
0.0117950737476349
-0.0137267112731934
0.0162192583084106
0.0112411975860596
0.00688919425010681
