2022-03-08T17:36:02Z
 
Distance to Knob
2.81620597839355
-2.85958768427372
3.0352475643158
-3.16026857495308
2.97629308700562
-1.36837394535542
1.59249305725098
-1.68019166588783
1.68172347545624
-1.42219498753548
1.68938267230988
-1.40758228302002
-1.40867698192596
1.47455334663391
1.56513458490372
2.05800610780716
-1.8414614200592
1.86365354061127
-2.04601287841797
-2.02045220136642
1.84159803390503
-1.95440167188644
2.15454709529877
1.81958973407745
-1.77261602878571
-3.1484682559967
3.12312269210815
-2.90650182962418
2.85654854774475
-3.10793554782867
 
Time Taken
4544.5171
4199.387
4431.9985
3068.0072
3799.4749
3699.7693
3165.7675
2400.773
2899.421
2921.4033
4067.6078
3432.488
4478.5757
3744.3008
3920.2405
3323.9905
2800.0501
4044.3778
2821.9988
2821.5682
4367.5779
2742.2193
3278.8334
3432.8483
2644.432
2789.3387
4667.1657
3687.3144
3145.0386
3489.1027
3154.7408
 
Accuracy
0.0164785385131836
0.0191402286291122
0.020329475402832
-0.000430375337600708
0.0245420932769775
0.010210320353508
0.0102745294570923
-0.00488331913948059
3.62396240234375E-05
0.00149556994438171
0.00285041332244873
-0.00410151481628418
0.000892758369445801
-0.000201940536499023
0.00973933935165405
0.00421279668807983
-0.0199089050292969
0.00778353214263916
0.00778055191040039
-0.00455254316329956
0.0110658407211304
-0.0209030508995056
0.0108352899551392
0.026921272277832
-0.00645685195922852
0.00703370571136475
0.00982999801635742
-0.00203496217727661
0.00987005233764648
-0.0067983865737915
0.00727987289428711
