2022-03-08T17:43:20Z
 
Distance to Knob
2.15658682584763
-1.82033061981201
1.88496971130371
-2.04346251487732
-2.00397449731827
1.83009576797485
-1.93661549687386
2.15316498279572
1.79982596635818
-1.76396787166595
-3.16125500202179
3.12007403373718
-2.89687544107437
2.85374569892883
-3.11315983533859
2.81155157089233
-2.88390296697617
3.00662899017334
-3.14883470535278
2.95583081245422
-1.37516145408154
1.58551967144012
-1.68344992399216
1.68345892429352
-1.42482942342758
1.68471473455429
-1.39933663606644
-1.41833621263504
1.48142576217651
1.55537700653076
 
Time Taken
3067.8214
4043.3779
3966.4715
3267.1076
4032.3103
4314.1453
2766.1772
3444.4393
3808.5018
3622.0736
3745.1926
3476.5985
4412.2695
3200.5644
4188.4219
3376.7871
4177.9671
5022.2726
4077.5694
4433.4498
4145.1747
3009.5101
3556.6951
3444.8606
3544.1451
3621.8519
3355.903
4000.2496
3287.6426
3877.9402
4143.5813
 
Accuracy
0.00283950567245483
0.00122189521789551
0.00909948348999023
0.0103309154510498
0.0119251608848572
-0.00043642520904541
-0.00311687588691711
0.0094531774520874
0.00715750455856323
0.00219130516052246
-0.0057530403137207
0.00678133964538574
0.00759142637252808
0.00706720352172852
-0.0120226740837097
0.0118241310119629
-0.00517505407333374
-0.00828909873962402
0.0110034942626953
0.00407981872558594
0.003422811627388
0.00330114364624023
-0.00814157724380493
0.00177168846130371
-0.00113886594772339
-0.00181752443313599
0.00414413213729858
-0.00876647233963013
0.00667047500610352
-1.82390213012695E-05
0.0114110112190247
