2022-03-04T15:41:53Z
 
Distance to Knob
2.79632163047791
-2.86290174722672
3.01204919815063
-3.14369827508926
2.94978070259094
-3.87416252493858
-2.29194387793541
-3.96725210547447
-2.28556475043297
-3.70925530791283
-2.0227230489254
-3.42620381712914
-4.83577331900597
-3.36101803183556
-1.80562278628349
0.248170644044876
-1.57338187098503
0.282488256692886
-1.77130517363548
-3.78720483183861
-1.95667251944542
-3.89017114043236
-1.74645933508873
0.0462091267108917
-1.71995005011559
-4.87545189261436
-1.76215919852257
-4.66662582755089
-1.81994733214378
-4.92108425498009
 
Time Taken
4167.7491
3188.7822
3211.0731
4256.242
3409.1015
48355.6506
332.6165
200.1481
199.822
200.1966
278.2313
266.8027
255.4978
454.7714
277.7607
289.2037
266.1118
300.1925
255.8549
256.1354
287.5278
355.7567
255.9817
221.228
255.7114
289.752
387.6888
422.8626
389.0769
455.4318
466.6238
 
Accuracy
-0.00340580940246582
0.0158261656761169
-0.0028688907623291
0.0161399245262146
-0.00197029113769531
-2.49557814002037
-3.87416252493858
-2.29194387793541
-3.96725210547447
-2.28556475043297
-3.70925530791283
-2.0227230489254
-3.42620381712914
-4.83577331900597
-3.36101803183556
-1.80562278628349
0.248170644044876
-1.57338187098503
0.282488256692886
-1.77130517363548
-3.78720483183861
-1.95667251944542
-3.89017114043236
-1.74645933508873
0.0462091267108917
-1.71995005011559
-4.87545189261436
-1.76215919852257
-4.66662582755089
-1.81994733214378
-4.92108425498009
