2022-03-05T11:42:09Z
 
Distance to Knob
-1.3864560527727
1.57555997371674
-1.66255748271942
1.67140138149261
-1.43579512834549
1.67522859573364
-1.40161243081093
-1.41234296560287
1.47061681747437
1.56526750326157
2.16661983728409
-1.81634831428528
1.8836008310318
-2.05098247528076
-2.02637267112732
1.82000958919525
-1.92847144603729
2.13644921779633
1.77218037843704
-1.75640046596527
-3.16345357894897
3.09369373321533
-2.91045224666595
2.83564519882202
-3.09907507896423
2.79141211509705
-2.85096177458763
2.98898816108704
-3.15140533447266
2.95623850822449
 
Time Taken
5144.336
6099.7101
6467.0341
6077.1774
5956.831
6176.2053
12267.1913
7354.9086
6166.9069
9410.47
4843.3233
13346.0044
8321.146
16321.6198
7498.9218
7012.648
6288.5676
8465.663
7245.0129
6431.9001
8856.6105
6743.8367
10056.3276
6011.7378
6032.5642
5565.7098
7254.4922
4611.3528
4911.636
5043.4079
8690.5146
 
Accuracy
-0.00787178706377745
-0.00665855407714844
0.0127508640289307
-0.0102858543395996
-0.0121045708656311
-0.0113036632537842
0.00186833739280701
-0.0027732253074646
-0.00413846969604492
0.00987225770950317
0.0128723978996277
0.00520420074462891
0.00773084163665771
0.00281095504760742
-0.0104730129241943
-0.0105226039886475
0.005027174949646
-0.00726258754730225
-0.0204880833625793
0.00975871086120605
-0.00795161724090576
-0.0195989608764648
-0.00598537921905518
-0.011033296585083
0.00206208229064941
-0.0083153247833252
0.0277661383152008
-0.0259299278259277
0.00843286514282227
0.00448751449584961
0.0231428742408752
