2022-03-08T14:37:22Z
 
Distance to Knob
-1.39560784958303
1.58891093730927
-1.68343102931976
1.68276798725128
-1.43020768463612
1.68991219997406
-1.39366117119789
-1.39489126205444
1.48099303245544
1.55879145860672
2.13181519508362
-1.81222653388977
1.88149225711823
-2.0508861541748
-2.025306224823
1.82016015052795
-1.93317723274231
2.16140472888947
1.8058654665947
-1.74001753330231
-3.15682554244995
3.09495449066162
-2.92613571882248
2.82568836212158
-3.08716857433319
2.81317687034607
-2.88632524013519
2.98737502098084
-3.16374349594116
2.96637582778931
 
Time Taken
2733.471
2899.2967
3688.6476
4610.8558
3577.3375
6088.9595
3110.4051
3022.5662
3921.1414
2742.0831
2517.9597
5643.1629
3065.9084
3033.0876
4988.8917
5689.6134
3266.1091
3634.1053
3074.199
2611.3152
3144.0923
3677.0141
5723.2272
2832.7998
2533.827
2967.5356
2941.9161
3056.854
3633.0297
3044.7929
3021.6985
 
Accuracy
-0.0170235838741064
0.00669240951538086
-0.00812268257141113
0.00108075141906738
-0.00651712715625763
0.0033799409866333
0.00981959700584412
0.0146784782409668
0.00623774528503418
0.00339621305465698
-0.0219322443008423
0.00932598114013672
0.0056222677230835
0.00290727615356445
-0.00940656661987305
-0.0103720426559448
0.000321388244628906
0.0176929235458374
0.0131970047950745
0.0261416435241699
-0.00132358074188232
-0.0183382034301758
-0.0216688513755798
-0.0209901332855225
0.0139685869216919
0.0134494304656982
-0.00759732723236084
-0.0275430679321289
-0.00390529632568359
0.0146248340606689
-0.00240465998649597
