2022-03-09T16:00:43Z
 
Distance to Knob
2.15216237306595
-1.80902791023254
1.87308919429779
-2.05238151550293
-2.01502305269241
1.83363974094391
-1.93044862151146
2.1439870595932
1.79956889152527
-1.7613490819931
-3.15207314491272
3.11675071716309
-2.89333951473236
2.85010552406311
-3.09739553928375
2.79649829864502
-2.87838053703308
3.01695942878723
-3.16145122051239
2.95511150360107
-1.37910595536232
1.58284378051758
-1.66945618391037
1.68343305587769
-1.41893503069878
1.69379144906998
-1.40305984020233
-1.40479165315628
1.4766993522644
1.56293880939484
 
Time Taken
3044.4981
5344.6812
6011.1393
3011.0554
3388.8536
3411.4611
3982.1327
3364.1778
3087.5212
3222.8361
2921.9659
3155.4585
3499.3775
3713.3274
3596.7348
4579.4219
3212.0865
4588.1555
4001.3915
4066.0831
4609.8757
3390.144
3188.6559
3151.5569
2589.7413
2921.4868
2433.5184
4378.0845
2421.6683
3399.7973
2777.7208
 
Accuracy
-0.00158494710922241
0.0125246047973633
-0.00278103351593018
0.00141191482543945
0.00087660551071167
0.00310754776000977
0.00304999947547913
0.000275254249572754
0.00690042972564697
0.00481009483337402
0.00342881679534912
0.00345802307128906
0.0111273527145386
0.00342702865600586
0.00374162197113037
-0.00322914123535156
0.000347375869750977
0.00204133987426758
-0.00161302089691162
0.00336050987243652
-0.000521689653396606
0.000625252723693848
0.00585216283798218
0.00174582004547119
0.00475552678108215
0.00725919008255005
0.000420928001403809
0.00477808713912964
0.00194406509399414
0.00754356384277344
0.00577789545059204
