2022-03-30T17:54:20Z
 
Distance to Knob
2.79963564872742
-2.85958768427372
3.02530550956726
-3.1470123231411
2.95640873908997
-1.37831611931324
1.59249305725098
-1.68350571393967
1.68835163116455
-1.42550903558731
1.70595288276672
-1.39764010906219
-1.40204882621765
1.47786736488342
1.56513458490372
2.05137801170349
0.229825496673584
2.08569550514221
0.0319020748138428
-1.98399758338928
-0.153465390205383
-2.08696401119232
0.0567477941513062
1.84941625595093
0.0832570791244507
-3.07224488258362
0.0410478115081787
-2.86341905593872
-0.0167405605316162
-3.1178777217865
 
Time Taken
3498.409
4000.1149
2932.8237
3711.4059
2344.4678
2788.7442
2466.9414
4357.6438
2865.4962
3000.01
3587.2502
2866.8688
2254.5224
2966.2836
2557.0692
3432.3582
28603.0987
233.0832
200.0007
199.9992
245.0329
1878.9466
231.6375
212.0028
265.998
333.3854
232.9587
200.1967
199.9994
255.0038
278.7329
 
Accuracy
-9.17911529541016E-05
0.0191402286291122
0.0103874206542969
0.0128258764743805
0.00465774536132813
0.000268146395683289
0.0102745294570923
-0.0081973671913147
0.00666439533233643
-0.00181847810745239
0.0194206237792969
0.00584065914154053
0.00752091407775879
0.0031120777130127
0.00973933935165405
-0.00241529941558838
2.05137801170349
0.229825496673584
2.08569550514221
0.0319020748138428
-1.98399758338928
-0.153465390205383
-2.08696401119232
0.0567477941513062
1.84941625595093
0.0832570791244507
-3.07224488258362
0.0410478115081787
-2.86341905593872
-0.0167405605316162
-3.1178777217865
