2022-03-09T10:34:37Z
 
Distance to Knob
2.82614803314209
-2.88278609514236
3.03856158256531
-3.15695449709892
2.94978070259094
-1.3551177084446
1.6024352312088
-1.65367919206619
1.71154999732971
-1.42219498753548
1.71258103847504
-1.38106977939606
-1.39873474836349
1.49112367630005
1.58833301067352
2.06132018566132
-1.86797380447388
1.86696767807007
-2.06589722633362
-1.99062567949295
1.86811053752899
-1.93120324611664
2.15454709529877
1.78976321220398
-1.79250037670136
-3.1484682559967
3.17283344268799
-2.89324557781219
2.84660625457764
-3.11124962568283
 
Time Taken
7112.1166
3609.9426
2810.8556
2998.2839
3667.7599
2355.0668
2478.2439
2333.3695
2122.0904
1987.8246
1890.7072
3154.454
3956.339
2264.9849
1933.2686
2043.9413
2565.4192
2500.4937
2266.0763
2666.418
2343.2967
2379.1009
2489.3215
3077.2305
2489.8993
2798.7661
3987.6994
3556.0132
3567.5967
2899.6013
2744.9099
 
Accuracy
0.0264205932617188
-0.00405818223953247
0.0236434936523438
0.00288370251655579
-0.00197029113769531
0.023466557264328
0.020216703414917
0.0216291546821594
0.0298627614974976
0.00149556994438171
0.0260487794876099
0.0224109888076782
0.0108349919319153
0.0163683891296387
0.03293776512146
0.00752687454223633
-0.0464212894439697
0.0110976696014404
-0.012103796005249
0.0252739787101746
0.0375783443450928
0.00229537487030029
0.0108352899551392
-0.00290524959564209
-0.0263411998748779
0.00703370571136475
0.0595407485961914
0.0112212896347046
-7.22408294677734E-05
-0.010112464427948
0.0238502025604248
