2022-03-10T13:23:38Z
 
Distance to Knob
2.14119493961334
-1.82164120674133
1.8731831908226
-2.06306958198547
-2.00193148851395
1.83641219139099
-1.92224994301796
2.14149987697601
1.8105434179306
-1.77519333362579
-3.15849012136459
3.11833810806274
-2.90948951244354
2.82959198951721
-3.09309446811676
2.80084037780762
-2.87217682600021
3.01795411109924
-3.16704598069191
2.94089460372925
-1.38014462590218
1.58007049560547
-1.66861647367477
1.68793511390686
-1.42021906375885
1.70518696308136
-1.39283514022827
-1.41981989145279
1.48058128356934
1.55699723958969
 
Time Taken
2898.9867
2855.1191
3820.5502
2733.0928
3477.8017
3480.1978
3533.8068
3053.1203
3787.0286
4333.416
3233.3222
3945.5227
4044.1239
4819.4547
3248.7527
3709.7701
4976.6461
3622.5314
3698.5504
5000.447
3122.1146
2800.3749
2943.1722
4333.5388
3145.5725
4454.7743
3034.2285
2776.4196
2821.5969
4278.7671
2855.3398
 
Accuracy
-0.0125523805618286
-8.86917114257813E-05
-0.00268703699111938
-0.00927615165710449
0.0139681696891785
0.00587999820709229
0.0112486779689789
-0.00221192836761475
0.0178749561309814
-0.00903415679931641
-0.00298815965652466
0.00504541397094727
-0.00502264499664307
-0.0170865058898926
0.00804269313812256
0.00111293792724609
0.00655108690261841
0.0030360221862793
-0.00720778107643127
-0.0108563899993896
-0.00156036019325256
-0.00214803218841553
0.00669187307357788
0.006247878074646
0.0034714937210083
0.0186547040939331
0.0106456279754639
-0.0102501511573792
0.00582599639892578
0.00160199403762817
0.00840646028518677
