2022-03-05T11:29:55Z
 
Distance to Knob
2.15166860818863
-1.79444122314453
1.88995605707169
-2.03255581855774
-1.997185587883
1.83721029758453
-1.9391094148159
2.15201365947723
1.79562157392502
-1.76795494556427
-3.14767563343048
3.12442088127136
-2.90334594249725
2.84778928756714
-3.11248803138733
2.80756688117981
-2.88625156879425
3.00383281707764
-3.17048221826553
2.94119167327881
-1.40175700187683
1.58588993549347
-1.68287834525108
1.68347430229187
-1.42462861537933
1.68481409549713
-1.38824599981308
-1.39610290527344
1.4725296497345
1.54698997735977
 
Time Taken
5111.2585
5011.3391
4722.1873
5112.3309
4399.9602
3887.7574
5321.5983
5433.1848
4689.8625
4355.1984
4488.6994
4766.1468
4523.2155
4411.2789
4444.2122
5878.0987
4121.2947
4866.0666
5655.3772
5289.3111
4489.4341
4711.311
3967.2312
4464.5255
4111.2489
4133.11
4123.1661
5376.4806
5811.4686
4211.8786
5766.6729
 
Accuracy
-0.00207871198654175
0.027111291885376
0.0140858292579651
0.0212376117706299
0.0187140703201294
0.00667810440063477
-0.00561079382896423
0.00830185413360596
0.00295311212539673
-0.00179576873779297
0.00782632827758789
0.0111281871795654
0.001120924949646
0.00111079216003418
-0.0113508701324463
0.00783944129943848
-0.00752365589141846
-0.0110852718353271
-0.0106440186500549
-0.0105593204498291
-0.0231727361679077
0.00367140769958496
-0.00756999850273132
0.00178706645965576
-0.000938057899475098
-0.00171816349029541
0.0152347683906555
0.0134668350219727
-0.00222563743591309
-0.00840526819229126
-0.00937503576278687
