2022-03-17T14:53:44Z
 
Distance to Knob
-1.37896821898175
1.56263518333435
-1.67227551341057
1.69963908195496
-1.42634430527687
1.69118082523346
-1.40597745776176
-1.40194493532181
1.48800110816956
1.55924201011658
2.15891194343567
-1.8122718334198
1.8868100643158
-2.04767394065857
-2.01987725496292
1.82253432273865
-1.92802339792252
2.14408254623413
1.79374933242798
-1.75277435779572
-3.16470229625702
3.12114262580872
-2.9133996963501
2.85026621818542
-3.08760470151901
2.79623317718506
-2.88598942756653
3.01790380477905
-3.15551155805588
2.93898248672485
 
Time Taken
3132.4391
13011.6418
12533.4192
6387.6921
5233.7687
10633.0968
4644.3989
6977.5607
14876.7505
6912.1839
5766.3323
10176.9029
20645.2357
4853.9121
6323.5431
6666.1212
5265.174
5577.9795
5112.2303
4765.9983
4778.2518
5812.27
5931.9702
7156.924
8910.7875
8276.1742
8521.521
4863.1765
5543.5869
9345.0543
5699.7425
 
Accuracy
-0.000383953272830695
-0.0195833444595337
0.00303283333778381
0.0179518461227417
-0.00265374779701233
0.00464856624603271
-0.00249668955802917
0.00762480497360229
0.0132458209991455
0.00384676456451416
0.0051645040512085
0.00928068161010742
0.0109400749206543
0.0061194896697998
-0.00397759675979614
-0.00799787044525146
0.00547522306442261
0.00037074089050293
0.00108087062835693
0.0133848190307617
-0.0092003345489502
0.00784993171691895
-0.00893282890319824
0.00358772277832031
0.0135324597358704
-0.0034942626953125
-0.00726151466369629
0.00298571586608887
0.00432664155960083
-0.0127685070037842
-0.000737220048904419
